fetched_at,place_name,AREA_NM,AREA_CD,_key_used,AREA_CMRCL_LVL,AREA_SH_PAYMENT_CNT,AREA_SH_PAYMENT_AMT_MIN,AREA_SH_PAYMENT_AMT_MAX,CMRCL_MALE_RATE,CMRCL_FEMALE_RATE,CMRCL_10_RATE,CMRCL_20_RATE,CMRCL_30_RATE,CMRCL_40_RATE,CMRCL_50_RATE,CMRCL_60_RATE,CMRCL_PERSONAL_RATE,CMRCL_CORPORATION_RATE,CMRCL_TIME
2026-08-25T00:51:54.892889+09:00,광화문·덕수궁,광화문·덕수궁,POI009,KEY_2,한산한,13,500000,550000,98.2,1.8,0.0,0.0,15.7,82.3,2.0,0.0,94.1,5.9,20260825 0000
2026-08-25T00:51:54.892889+09:00,보신각,보신각,POI010,KEY_3,한산한,5,10000,20000,100.0,0.0,0.0,0.0,86.7,13.3,0.0,0.0,100.0,0.0,20260825 0000
2026-08-25T00:51:54.892889+09:00,강남 MICE 관광특구,강남 MICE 관광특구,POI001,KEY_2,한산한,4,10000,20000,60.0,40.0,0.0,0.0,60.0,0.0,0.0,40.0,100.0,0.0,20260824 2330
2026-08-25T00:51:54.892889+09:00,동대문 관광특구,동대문 관광특구,POI002,KEY_3,한산한,8,30000,40000,52.5,47.5,0.0,15.0,10.0,30.0,7.5,37.5,100.0,0.0,20260825 0000
2026-08-25T00:51:54.892889+09:00,명동 관광특구,명동 관광특구,POI003,KEY_4,한산한,31,650000,700000,64.8,35.2,0.0,35.9,21.1,1.4,22.5,19.1,86.3,13.7,20260825 0000
2026-08-25T00:51:54.892889+09:00,이태원 관광특구,이태원 관광특구,POI004,KEY_1,한산한,13,150000,200000,87.3,12.7,16.6,39.8,36.5,7.2,0.0,0.0,100.0,0.0,20260825 0000
2026-08-25T00:51:54.892889+09:00,잠실 관광특구,잠실 관광특구,POI005,KEY_2,보통,29,900000,950000,89.8,10.2,0.0,14.6,55.7,29.3,0.4,0.0,100.0,0.0,20260825 0000
2026-08-25T00:51:54.892889+09:00,종로·청계 관광특구,종로·청계 관광특구,POI006,KEY_3,한산한,26,450000,500000,58.3,41.7,0.0,40.6,28.0,12.0,19.4,0.0,100.0,0.0,20260825 0000
2026-08-25T00:51:54.892889+09:00,홍대 관광특구,홍대 관광특구,POI007,KEY_4,보통,85,1600000,1700000,65.4,34.6,3.0,37.2,44.9,6.6,8.0,0.4,97.2,2.8,20260825 0000
2026-08-25T00:51:54.892889+09:00,가락시장,가락시장,POI058,KEY_2,한산한,5,20000,30000,95.1,4.9,0.0,4.9,5.8,75.7,0.0,13.6,29.7,70.3,20260824 2350
2026-08-25T00:51:54.892889+09:00,가로수길,가로수길,POI059,KEY_3,한산한,9,950000,1000000,40.3,59.7,0.0,50.0,4.8,25.8,14.5,4.8,6.4,93.6,20260825 0000
2026-08-25T00:51:54.892889+09:00,광장(전통)시장,광장(전통)시장,POI060,KEY_4,한산한,8,300000,350000,0.0,100.0,0.0,0.0,0.0,100.0,0.0,0.0,100.0,0.0,20260824 2120
2026-08-25T00:51:54.892889+09:00,김포공항,김포공항,POI061,KEY_1,한산한,7,30000,40000,70.6,29.4,0.0,0.0,17.6,11.8,70.6,0.0,100.0,0.0,20260824 2130
2026-08-25T00:51:54.892889+09:00,남대문시장,남대문시장,POI115,KEY_2,한산한,4,10000,20000,100.0,0.0,0.0,0.0,0.0,80.0,20.0,0.0,100.0,0.0,20260824 2300
2026-08-25T00:51:54.892889+09:00,노량진,노량진,POI063,KEY_3,한산한,16,80000,90000,91.9,8.1,0.0,23.3,40.7,18.6,17.4,0.0,100.0,0.0,20260825 0000
2026-08-25T00:51:54.892889+09:00,덕수궁길·정동길,덕수궁길·정동길,POI064,KEY_4,한산한,5,20000,30000,100.0,0.0,0.0,21.7,0.0,52.2,26.1,0.0,100.0,0.0,20260824 2210
2026-08-25T00:51:54.892889+09:00,북창동 먹자골목,북창동 먹자골목,POI114,KEY_1,한산한,4,40000,50000,90.2,9.8,0.0,56.1,0.0,0.0,34.1,9.8,83.7,16.3,20260825 0000
2026-08-25T00:51:54.892889+09:00,북촌한옥마을,북촌한옥마을,POI066,KEY_2,한산한,4,10000,20000,60.0,40.0,0.0,0.0,0.0,20.0,80.0,0.0,62.5,37.5,20260824 2300
2026-08-25T00:51:54.892889+09:00,서촌,서촌,POI067,KEY_3,한산한,5,20000,30000,88.9,11.1,0.0,3.7,11.1,51.9,18.5,14.8,100.0,0.0,20260824 2340
2026-08-25T00:51:54.892889+09:00,성수카페거리,성수카페거리,POI068,KEY_4,한산한,15,150000,200000,44.5,55.5,0.0,11.0,12.3,58.7,14.8,3.2,100.0,0.0,20260824 2350
2026-08-25T00:51:54.892889+09:00,송리단길·호수단길,송리단길·호수단길,POI121,KEY_1,한산한,6,150000,200000,76.0,24.0,0.0,4.1,25.0,51.0,19.9,0.0,100.0,0.0,20260825 0000
2026-08-25T00:51:54.892889+09:00,신촌 스타광장,신촌 스타광장,POI122,KEY_2,한산한,5,20000,30000,48.0,52.0,0.0,32.0,40.0,16.0,12.0,0.0,100.0,0.0,20260824 2350
2026-08-25T00:51:54.892889+09:00,압구정로데오거리,압구정로데오거리,POI071,KEY_3,한산한,6,30000,40000,32.3,67.7,0.0,25.8,41.9,0.0,32.3,0.0,100.0,0.0,20260825 0000
2026-08-25T00:51:54.892889+09:00,여의도,여의도,POI072,KEY_4,한산한,18,500000,550000,79.9,20.1,0.0,21.9,26.4,21.0,30.7,0.0,63.4,36.6,20260825 0000
2026-08-25T00:51:54.892889+09:00,연남동,연남동,POI073,KEY_1,한산한,13,250000,300000,97.3,2.7,12.2,4.7,73.2,0.0,0.0,9.8,100.0,0.0,20260825 0000
2026-08-25T00:51:54.892889+09:00,영등포 타임스퀘어,영등포 타임스퀘어,POI074,KEY_2,한산한,11,300000,350000,59.2,40.8,0.0,4.8,60.1,5.1,28.0,2.1,100.0,0.0,20260825 0000
2026-08-25T00:51:54.892889+09:00,용리단길,용리단길,POI076,KEY_3,한산한,5,200000,250000,56.1,43.9,0.0,28.5,19.2,36.8,15.5,0.0,100.0,0.0,20260824 2340
2026-08-25T00:51:54.892889+09:00,이태원 앤틱가구거리,이태원 앤틱가구거리,POI077,KEY_4,바쁜,4,350000,400000,100.0,0.0,0.0,84.6,15.4,0.0,0.0,0.0,100.0,0.0,20260824 2330
2026-08-25T00:51:54.892889+09:00,익선동,익선동,POI116,KEY_1,보통,12,550000,600000,99.4,0.6,0.0,44.3,14.3,0.0,0.0,41.5,61.9,38.1,20260824 2350
2026-08-25T00:51:54.892889+09:00,인사동,인사동,POI078,KEY_2,한산한,6,40000,50000,84.1,15.9,0.0,50.0,0.0,0.0,50.0,0.0,100.0,0.0,20260824 2300
2026-08-25T00:51:54.892889+09:00,잠실롯데타워·석촌호수,잠실롯데타워·석촌호수,POI120,KEY_3,보통,28,900000,950000,90.2,9.8,0.0,14.7,55.9,29.4,0.0,0.0,100.0,0.0,20260825 0000
2026-08-25T00:51:54.892889+09:00,창동 신경제 중심지,창동 신경제 중심지,POI079,KEY_4,보통,20,1000000,1100000,82.8,17.2,0.0,20.2,76.5,3.3,0.0,0.0,100.0,0.0,20260825 0000
2026-08-25T00:51:54.892889+09:00,청담동 명품거리,청담동 명품거리,POI080,KEY_1,바쁜,4,1900000,2000000,69.9,30.1,0.0,30.1,44.6,0.0,25.3,0.0,15.8,84.2,20260824 2340
2026-08-25T00:51:54.892889+09:00,청량리 제기동 일대 전통시장,청량리 제기동 일대 전통시장,POI081,KEY_2,한산한,6,20000,30000,57.1,42.9,0.0,25.0,32.1,0.0,10.7,32.1,100.0,0.0,20260824 2350
2026-08-25T00:51:54.892889+09:00,해방촌·경리단길,해방촌·경리단길,POI082,KEY_3,한산한,7,40000,50000,90.2,9.8,0.0,41.5,48.8,0.0,0.0,9.8,100.0,0.0,20260825 0000
2026-08-25T00:51:54.892889+09:00,DDP(동대문디자인플라자),DDP(동대문디자인플라자),POI083,KEY_4,분주한,4,250000,300000,25.2,74.8,0.0,74.8,0.0,0.0,25.2,0.0,100.0,0.0,20260824 2230
2026-08-25T00:51:54.892889+09:00,DMC(디지털미디어시티),DMC(디지털미디어시티),POI084,KEY_1,한산한,8,50000,60000,44.9,55.1,0.0,65.3,22.4,0.0,12.2,0.0,92.5,7.5,20260825 0000
2026-08-25T00:51:54.892889+09:00,가산디지털단지역,가산디지털단지역,POI013,KEY_2,한산한,6,40000,50000,100.0,0.0,0.0,0.0,69.8,18.6,11.6,0.0,87.8,12.2,20260824 2350
2026-08-25T00:51:54.892889+09:00,강남역,강남역,POI014,KEY_3,보통,38,2000000,2100000,75.6,24.4,0.0,13.5,15.3,66.4,3.8,1.0,98.0,2.0,20260825 0000
2026-08-25T00:51:54.892889+09:00,건대입구역,건대입구역,POI015,KEY_4,보통,34,950000,1000000,69.6,30.4,5.5,31.1,38.0,0.3,0.5,24.5,99.8,0.2,20260825 0000
2026-08-25T00:51:54.892889+09:00,고덕역,고덕역,POI016,KEY_1,한산한,4,10000,20000,88.9,11.1,0.0,0.0,66.7,33.3,0.0,0.0,100.0,0.0,20260824 2320
2026-08-25T00:51:54.892889+09:00,고속터미널역,고속터미널역,POI017,KEY_2,한산한,4,10000,20000,100.0,0.0,0.0,0.0,25.0,8.3,66.7,0.0,100.0,0.0,20260825 0000
2026-08-25T00:51:54.892889+09:00,교대역,교대역,POI018,KEY_3,한산한,5,450000,500000,69.6,30.4,0.0,30.4,69.6,0.0,0.0,0.0,38.2,61.8,20260825 0000
2026-08-25T00:51:54.892889+09:00,구로디지털단지역,구로디지털단지역,POI019,KEY_4,한산한,5,20000,30000,62.1,37.9,0.0,37.9,37.9,24.1,0.0,0.0,100.0,0.0,20260825 0000
2026-08-25T00:51:54.892889+09:00,구로역,구로역,POI020,KEY_1,한산한,5,20000,30000,61.5,38.5,0.0,42.3,26.9,15.4,15.4,0.0,100.0,0.0,20260824 2140
2026-08-25T00:51:54.892889+09:00,군자역,군자역,POI021,KEY_2,한산한,7,30000,40000,50.0,50.0,0.0,22.5,25.0,0.0,52.5,0.0,100.0,0.0,20260825 0000
2026-08-25T00:51:54.892889+09:00,대림역,대림역,POI023,KEY_3,한산한,5,20000,30000,64.0,36.0,0.0,40.0,20.0,0.0,40.0,0.0,100.0,0.0,20260825 0000
2026-08-25T00:51:54.892889+09:00,동대문역,동대문역,POI024,KEY_4,한산한,4,20000,30000,48.0,52.0,12.0,0.0,0.0,88.0,0.0,0.0,100.0,0.0,20260824 2350
2026-08-25T00:51:54.892889+09:00,뚝섬역,뚝섬역,POI025,KEY_1,한산한,4,20000,30000,63.6,36.4,0.0,27.3,72.7,0.0,0.0,0.0,54.5,45.5,20260824 2350
2026-08-25T00:51:54.892889+09:00,미아사거리역,미아사거리역,POI026,KEY_2,한산한,5,40000,50000,22.7,77.3,0.0,27.3,63.6,9.1,0.0,0.0,100.0,0.0,20260825 0000
2026-08-25T00:51:54.892889+09:00,발산역,발산역,POI027,KEY_3,한산한,16,200000,250000,64.5,35.5,3.0,60.8,25.3,10.8,0.0,0.0,79.0,21.0,20260825 0000
2026-08-25T00:51:54.892889+09:00,사당역,사당역,POI029,KEY_4,보통,21,650000,700000,88.2,11.8,7.1,21.1,29.4,27.3,14.7,0.3,100.0,0.0,20260825 0000
2026-08-25T00:51:54.892889+09:00,서울대입구역,서울대입구역,POI031,KEY_2,한산한,10,300000,350000,55.9,44.1,1.8,51.8,46.5,0.0,0.0,0.0,100.0,0.0,20260825 0000
2026-08-25T00:51:54.892889+09:00,서울식물원·마곡나루역,서울식물원·마곡나루역,POI032,KEY_3,한산한,5,30000,40000,60.6,39.4,0.0,72.7,27.3,0.0,0.0,0.0,100.0,0.0,20260825 0000
2026-08-25T00:51:54.892889+09:00,서울역,서울역,POI033,KEY_4,한산한,4,70000,80000,52.1,47.9,0.0,0.0,0.0,0.0,93.2,6.8,100.0,0.0,20260824 2210
2026-08-25T00:51:54.892889+09:00,선릉역,선릉역,POI034,KEY_1,보통,29,2300000,2400000,73.7,26.3,0.0,6.9,69.9,21.8,0.2,1.2,91.1,8.9,20260825 0000
2026-08-25T00:51:54.892889+09:00,성신여대입구역,성신여대입구역,POI035,KEY_2,한산한,5,100000,150000,95.2,4.8,4.8,0.0,95.2,0.0,0.0,0.0,100.0,0.0,20260825 0000
2026-08-25T00:51:54.892889+09:00,수유역,수유역,POI036,KEY_3,한산한,12,200000,250000,20.9,79.1,1.2,4.7,7.1,68.4,0.0,18.6,100.0,0.0,20260825 0000
2026-08-25T00:51:54.892889+09:00,신논현역·논현역,신논현역·논현역,POI037,KEY_2,한산한,11,300000,350000,89.2,10.8,0.0,28.8,31.9,10.0,29.2,0.0,80.6,19.4,20260825 0000
2026-08-25T00:51:54.892889+09:00,신도림역,신도림역,POI038,KEY_3,한산한,5,10000,20000,7.7,92.3,0.0,53.8,0.0,0.0,46.2,0.0,100.0,0.0,20260824 2220
2026-08-25T00:51:54.892889+09:00,신림역,신림역,POI039,KEY_4,한산한,39,350000,400000,46.3,53.7,4.4,54.8,29.6,8.9,1.1,1.1,100.0,0.0,20260825 0000
2026-08-25T00:51:54.892889+09:00,신정네거리역,신정네거리역,POI117,KEY_1,한산한,4,20000,30000,48.0,52.0,0.0,52.0,28.0,20.0,0.0,0.0,100.0,0.0,20260824 2340
2026-08-25T00:51:54.892889+09:00,신촌·이대역,신촌·이대역,POI040,KEY_2,한산한,26,250000,300000,13.0,87.0,13.7,54.1,8.9,4.5,12.7,6.2,100.0,0.0,20260825 0000
2026-08-25T00:51:54.892889+09:00,쌍문역,쌍문역,POI070,KEY_3,한산한,10,30000,40000,77.8,22.2,0.0,13.9,30.6,8.3,47.2,0.0,100.0,0.0,20260824 2340
2026-08-25T00:51:54.892889+09:00,양재역,양재역,POI041,KEY_4,한산한,4,20000,30000,58.6,41.4,0.0,0.0,82.8,0.0,0.0,17.2,100.0,0.0,20260824 2340
2026-08-25T00:51:54.892889+09:00,역삼역,역삼역,POI042,KEY_1,한산한,14,80000,90000,82.2,17.8,0.0,31.5,20.5,45.2,2.7,0.0,88.9,11.1,20260825 0000
2026-08-25T00:51:54.892889+09:00,연신내역,연신내역,POI043,KEY_2,보통,18,500000,550000,14.5,85.5,0.0,17.0,4.2,73.8,5.1,0.0,100.0,0.0,20260825 0000
2026-08-25T00:51:54.892889+09:00,오목교역·목동운동장,오목교역·목동운동장,POI044,KEY_3,한산한,9,40000,50000,100.0,0.0,0.0,18.2,0.0,52.3,29.5,0.0,100.0,0.0,20260825 0000
2026-08-25T00:51:54.892889+09:00,왕십리역,왕십리역,POI045,KEY_4,한산한,19,250000,300000,78.1,21.9,1.1,30.1,51.3,5.0,12.5,0.0,100.0,0.0,20260825 0000
2026-08-25T00:51:54.892889+09:00,용산역,용산역,POI046,KEY_1,한산한,4,20000,30000,100.0,0.0,0.0,0.0,0.0,95.0,5.0,0.0,74.1,25.9,20260825 0000
2026-08-25T00:51:54.892889+09:00,이태원역,이태원역,POI047,KEY_2,한산한,11,150000,200000,86.6,13.4,17.4,41.9,33.1,7.6,0.0,0.0,100.0,0.0,20260825 0000
2026-08-25T00:51:54.892889+09:00,잠실새내역,잠실새내역,POI118,KEY_3,한산한,12,90000,100000,59.8,40.2,0.0,21.7,14.1,31.5,32.6,0.0,100.0,0.0,20260824 2350
2026-08-25T00:51:54.892889+09:00,잠실역,잠실역,POI119,KEY_4,한산한,4,20000,30000,0.0,100.0,0.0,20.8,41.7,0.0,37.5,0.0,100.0,0.0,20260824 2330
2026-08-25T00:51:54.892889+09:00,장지역,장지역,POI048,KEY_1,한산한,7,30000,40000,83.3,16.7,0.0,30.6,25.0,44.4,0.0,0.0,100.0,0.0,20260825 0000
2026-08-25T00:51:54.892889+09:00,장한평역,장한평역,POI049,KEY_2,한산한,5,50000,60000,100.0,0.0,0.0,6.9,77.6,0.0,15.5,0.0,100.0,0.0,20260825 0000
2026-08-25T00:51:54.892889+09:00,천호역,천호역,POI050,KEY_3,한산한,21,350000,400000,58.9,41.1,7.2,45.1,19.9,1.6,26.3,0.0,100.0,0.0,20260825 0000
2026-08-25T00:51:54.892889+09:00,총신대입구(이수)역,총신대입구(이수)역,POI051,KEY_4,보통,13,650000,700000,57.2,42.8,0.0,3.5,71.5,0.0,5.5,19.5,100.0,0.0,20260824 2350
2026-08-25T00:51:54.892889+09:00,충정로역,충정로역,POI052,KEY_1,한산한,5,20000,30000,90.0,10.0,0.0,0.0,50.0,0.0,50.0,0.0,55.0,45.0,20260824 2350
2026-08-25T00:51:54.892889+09:00,합정역,합정역,POI053,KEY_2,한산한,11,60000,70000,50.9,49.1,0.0,58.5,11.3,0.0,0.0,30.2,81.5,18.5,20260824 2350
2026-08-25T00:51:54.892889+09:00,혜화역,혜화역,POI054,KEY_3,한산한,4,150000,200000,0.0,100.0,0.0,100.0,0.0,0.0,0.0,0.0,100.0,0.0,20260825 0000
2026-08-25T00:51:54.892889+09:00,홍대입구역(2호선),홍대입구역(2호선),POI055,KEY_4,한산한,8,40000,50000,66.7,33.3,0.0,79.5,7.7,10.3,2.6,0.0,100.0,0.0,20260825 0000
2026-08-25T00:51:54.892889+09:00,회기역,회기역,POI056,KEY_1,한산한,4,20000,30000,100.0,0.0,0.0,50.0,19.2,0.0,30.8,0.0,100.0,0.0,20260825 0000
2026-08-25T01:52:04.300150+09:00,광화문·덕수궁,광화문·덕수궁,POI009,KEY_2,한산한,4,30000,40000,44.8,55.2,0.0,0.0,0.0,62.1,37.9,0.0,82.4,17.6,20260825 0130
2026-08-25T01:52:04.300150+09:00,보신각,보신각,POI010,KEY_3,한산한,4,60000,70000,36.4,63.6,0.0,36.4,0.0,0.0,0.0,63.6,100.0,0.0,20260825 0110
2026-08-25T01:52:04.300150+09:00,강남 MICE 관광특구,강남 MICE 관광특구,POI001,KEY_2,한산한,4,10000,20000,60.0,40.0,0.0,0.0,60.0,0.0,0.0,40.0,100.0,0.0,20260824 2330
2026-08-25T01:52:04.300150+09:00,동대문 관광특구,동대문 관광특구,POI002,KEY_3,한산한,12,70000,80000,81.2,18.8,0.0,18.8,23.2,42.0,7.2,8.7,100.0,0.0,20260825 0130
2026-08-25T01:52:04.300150+09:00,명동 관광특구,명동 관광특구,POI003,KEY_4,한산한,6,50000,60000,43.8,56.3,0.0,9.4,78.1,0.0,12.5,0.0,59.3,40.7,20260825 0110
2026-08-25T01:52:04.300150+09:00,이태원 관광특구,이태원 관광특구,POI004,KEY_1,보통,20,550000,600000,74.9,25.1,0.0,23.0,68.1,4.7,4.2,0.0,100.0,0.0,20260825 0130
2026-08-25T01:52:04.300150+09:00,잠실 관광특구,잠실 관광특구,POI005,KEY_2,한산한,9,80000,90000,94.9,5.1,0.0,20.3,65.8,3.8,5.1,5.1,100.0,0.0,20260825 0130
2026-08-25T01:52:04.300150+09:00,종로·청계 관광특구,종로·청계 관광특구,POI006,KEY_3,한산한,9,70000,80000,84.3,15.7,0.0,10.0,12.9,42.9,18.6,15.7,100.0,0.0,20260825 0130
2026-08-25T01:52:04.300150+09:00,홍대 관광특구,홍대 관광특구,POI007,KEY_4,한산한,24,350000,400000,68.6,31.4,1.7,57.3,12.1,10.5,17.4,1.1,100.0,0.0,20260825 0130
2026-08-25T01:52:04.300150+09:00,가락시장,가락시장,POI058,KEY_2,한산한,4,50000,60000,86.1,13.9,0.0,0.0,2.1,6.7,77.3,13.9,100.0,0.0,20260825 0130
2026-08-25T01:52:04.300150+09:00,가로수길,가로수길,POI059,KEY_3,한산한,5,10000,20000,100.0,0.0,0.0,11.1,38.9,27.8,22.2,0.0,100.0,0.0,20260825 0130
2026-08-25T01:52:04.300150+09:00,광장(전통)시장,광장(전통)시장,POI060,KEY_4,한산한,8,300000,350000,0.0,100.0,0.0,0.0,0.0,100.0,0.0,0.0,100.0,0.0,20260824 2120
2026-08-25T01:52:04.300150+09:00,김포공항,김포공항,POI061,KEY_1,한산한,7,30000,40000,70.6,29.4,0.0,0.0,17.6,11.8,70.6,0.0,100.0,0.0,20260824 2130
2026-08-25T01:52:04.300150+09:00,남대문시장,남대문시장,POI115,KEY_2,한산한,5,20000,30000,88.9,11.1,0.0,11.1,11.1,22.2,55.6,0.0,45.0,55.0,20260825 0100
2026-08-25T01:52:04.300150+09:00,노량진,노량진,POI063,KEY_3,한산한,4,10000,20000,77.8,22.2,0.0,22.2,44.4,0.0,0.0,33.3,100.0,0.0,20260825 0130
2026-08-25T01:52:04.300150+09:00,덕수궁길·정동길,덕수궁길·정동길,POI064,KEY_4,한산한,5,20000,30000,100.0,0.0,0.0,21.7,0.0,52.2,26.1,0.0,100.0,0.0,20260824 2210
2026-08-25T01:52:04.300150+09:00,북창동 먹자골목,북창동 먹자골목,POI114,KEY_1,한산한,7,20000,30000,72.2,27.8,0.0,5.6,55.6,11.1,27.8,0.0,62.1,37.9,20260825 0100
2026-08-25T01:52:04.300150+09:00,북촌한옥마을,북촌한옥마을,POI066,KEY_2,한산한,4,10000,20000,60.0,40.0,0.0,0.0,0.0,20.0,80.0,0.0,62.5,37.5,20260824 2300
2026-08-25T01:52:04.300150+09:00,서촌,서촌,POI067,KEY_3,한산한,5,20000,30000,88.9,11.1,0.0,3.7,11.1,51.9,18.5,14.8,100.0,0.0,20260824 2340
2026-08-25T01:52:04.300150+09:00,성수카페거리,성수카페거리,POI068,KEY_4,한산한,4,20000,30000,100.0,0.0,0.0,0.0,66.7,33.3,0.0,0.0,100.0,0.0,20260825 0050
2026-08-25T01:52:04.300150+09:00,송리단길·호수단길,송리단길·호수단길,POI121,KEY_1,한산한,5,40000,50000,97.6,2.4,0.0,34.1,65.9,0.0,0.0,0.0,100.0,0.0,20260825 0100
2026-08-25T01:52:04.300150+09:00,신촌 스타광장,신촌 스타광장,POI122,KEY_2,한산한,5,20000,30000,48.0,52.0,0.0,32.0,40.0,16.0,12.0,0.0,100.0,0.0,20260824 2350
2026-08-25T01:52:04.300150+09:00,압구정로데오거리,압구정로데오거리,POI071,KEY_3,한산한,4,10000,20000,68.8,31.3,25.0,0.0,75.0,0.0,0.0,0.0,100.0,0.0,20260825 0050
2026-08-25T01:52:04.300150+09:00,여의도,여의도,POI072,KEY_4,한산한,9,80000,90000,51.2,48.8,0.0,4.8,86.9,6.0,0.0,2.4,100.0,0.0,20260825 0130
2026-08-25T01:52:04.300150+09:00,연남동,연남동,POI073,KEY_1,한산한,4,10000,20000,100.0,0.0,25.0,58.3,0.0,0.0,16.7,0.0,100.0,0.0,20260825 0130
2026-08-25T01:52:04.300150+09:00,영등포 타임스퀘어,영등포 타임스퀘어,POI074,KEY_2,한산한,6,40000,50000,100.0,0.0,0.0,15.2,0.0,78.3,6.5,0.0,100.0,0.0,20260825 0130
2026-08-25T01:52:04.300150+09:00,용리단길,용리단길,POI076,KEY_3,한산한,5,200000,250000,56.1,43.9,0.0,28.5,19.2,36.8,15.5,0.0,100.0,0.0,20260824 2340
2026-08-25T01:52:04.300150+09:00,이태원 앤틱가구거리,이태원 앤틱가구거리,POI077,KEY_4,한산한,5,10000,20000,87.5,12.5,0.0,37.5,62.5,0.0,0.0,0.0,100.0,0.0,20260825 0130
2026-08-25T01:52:04.300150+09:00,익선동,익선동,POI116,KEY_1,한산한,6,40000,50000,81.8,18.2,0.0,27.3,63.6,0.0,0.0,9.1,100.0,0.0,20260825 0100
2026-08-25T01:52:04.300150+09:00,인사동,인사동,POI078,KEY_2,한산한,6,40000,50000,84.1,15.9,0.0,50.0,0.0,0.0,50.0,0.0,100.0,0.0,20260824 2300
2026-08-25T01:52:04.300150+09:00,잠실롯데타워·석촌호수,잠실롯데타워·석촌호수,POI120,KEY_3,한산한,9,80000,90000,94.9,5.1,0.0,20.3,65.8,3.8,5.1,5.1,100.0,0.0,20260825 0130
2026-08-25T01:52:04.300150+09:00,창동 신경제 중심지,창동 신경제 중심지,POI079,KEY_4,한산한,7,100000,150000,99.1,0.9,0.0,0.9,85.0,0.0,6.2,8.0,100.0,0.0,20260825 0130
2026-08-25T01:52:04.300150+09:00,청담동 명품거리,청담동 명품거리,POI080,KEY_1,바쁜,4,1900000,2000000,69.9,30.1,0.0,30.1,44.6,0.0,25.3,0.0,15.8,84.2,20260824 2340
2026-08-25T01:52:04.300150+09:00,청량리 제기동 일대 전통시장,청량리 제기동 일대 전통시장,POI081,KEY_2,한산한,6,20000,30000,57.1,42.9,0.0,25.0,32.1,0.0,10.7,32.1,100.0,0.0,20260824 2350
2026-08-25T01:52:04.300150+09:00,해방촌·경리단길,해방촌·경리단길,POI082,KEY_3,한산한,4,50000,60000,79.7,20.3,0.0,20.3,0.0,0.0,79.7,0.0,100.0,0.0,20260825 0100
2026-08-25T01:52:04.300150+09:00,DDP(동대문디자인플라자),DDP(동대문디자인플라자),POI083,KEY_4,분주한,4,250000,300000,25.2,74.8,0.0,74.8,0.0,0.0,25.2,0.0,100.0,0.0,20260824 2230
2026-08-25T01:52:04.300150+09:00,DMC(디지털미디어시티),DMC(디지털미디어시티),POI084,KEY_1,한산한,4,10000,20000,100.0,0.0,0.0,0.0,55.0,0.0,0.0,45.0,100.0,0.0,20260825 0120
2026-08-25T01:52:04.300150+09:00,가산디지털단지역,가산디지털단지역,POI013,KEY_2,한산한,4,30000,40000,23.3,76.7,0.0,90.0,0.0,10.0,0.0,0.0,100.0,0.0,20260825 0120
2026-08-25T01:52:04.300150+09:00,강남역,강남역,POI014,KEY_3,한산한,21,550000,600000,97.3,2.7,0.0,3.1,2.1,1.5,92.7,0.6,98.7,1.3,20260825 0130
2026-08-25T01:52:04.300150+09:00,건대입구역,건대입구역,POI015,KEY_4,한산한,17,30000,40000,42.0,58.0,0.8,87.9,0.8,3.0,6.5,1.0,100.0,0.0,20260825 0130
2026-08-25T01:52:04.300150+09:00,고덕역,고덕역,POI016,KEY_1,한산한,4,10000,20000,88.9,11.1,0.0,0.0,66.7,33.3,0.0,0.0,100.0,0.0,20260824 2320
2026-08-25T01:52:04.300150+09:00,고속터미널역,고속터미널역,POI017,KEY_2,한산한,4,20000,30000,100.0,0.0,0.0,52.2,0.0,21.7,26.1,0.0,100.0,0.0,20260825 0040
2026-08-25T01:52:04.300150+09:00,교대역,교대역,POI018,KEY_3,한산한,4,10000,20000,53.8,46.2,0.0,76.9,7.7,0.0,15.4,0.0,100.0,0.0,20260825 0040
2026-08-25T01:52:04.300150+09:00,구로디지털단지역,구로디지털단지역,POI019,KEY_4,한산한,5,40000,50000,79.5,20.5,0.0,12.8,28.2,0.0,35.9,23.1,100.0,0.0,20260825 0130
2026-08-25T01:52:04.300150+09:00,구로역,구로역,POI020,KEY_1,한산한,5,20000,30000,61.5,38.5,0.0,42.3,26.9,15.4,15.4,0.0,100.0,0.0,20260824 2140
2026-08-25T01:52:04.300150+09:00,군자역,군자역,POI021,KEY_2,한산한,4,20000,30000,100.0,0.0,0.0,17.9,67.9,0.0,14.3,0.0,100.0,0.0,20260825 0040
2026-08-25T01:52:04.300150+09:00,대림역,대림역,POI023,KEY_3,한산한,5,20000,30000,64.0,36.0,0.0,40.0,20.0,0.0,40.0,0.0,100.0,0.0,20260825 0000
2026-08-25T01:52:04.300150+09:00,동대문역,동대문역,POI024,KEY_4,한산한,4,20000,30000,87.5,12.5,0.0,41.7,0.0,58.3,0.0,0.0,100.0,0.0,20260825 0050
2026-08-25T01:52:04.300150+09:00,뚝섬역,뚝섬역,POI025,KEY_1,한산한,4,20000,30000,63.6,36.4,0.0,27.3,72.7,0.0,0.0,0.0,54.5,45.5,20260824 2350
2026-08-25T01:52:04.300150+09:00,미아사거리역,미아사거리역,POI026,KEY_2,한산한,4,50000,60000,100.0,0.0,0.0,0.0,20.7,20.7,58.6,0.0,49.2,50.8,20260825 0120
2026-08-25T01:52:04.300150+09:00,발산역,발산역,POI027,KEY_3,한산한,5,30000,40000,93.8,6.3,0.0,6.3,12.5,81.3,0.0,0.0,100.0,0.0,20260825 0120
2026-08-25T01:52:04.300150+09:00,사당역,사당역,POI029,KEY_4,한산한,5,10000,20000,100.0,0.0,0.0,0.0,42.1,42.1,15.8,0.0,100.0,0.0,20260825 0130
2026-08-25T01:52:04.300150+09:00,서울대입구역,서울대입구역,POI031,KEY_2,한산한,4,20000,30000,81.0,19.0,0.0,9.5,23.8,66.7,0.0,0.0,100.0,0.0,20260825 0140
2026-08-25T01:52:04.300150+09:00,서울식물원·마곡나루역,서울식물원·마곡나루역,POI032,KEY_3,한산한,4,30000,40000,86.2,13.8,0.0,6.9,72.4,6.9,0.0,13.8,100.0,0.0,20260825 0120
2026-08-25T01:52:04.300150+09:00,서울역,서울역,POI033,KEY_4,한산한,4,70000,80000,52.1,47.9,0.0,0.0,0.0,0.0,93.2,6.8,100.0,0.0,20260824 2210
2026-08-25T01:52:04.300150+09:00,선릉역,선릉역,POI034,KEY_1,한산한,8,40000,50000,51.0,49.0,0.0,8.2,38.8,30.6,0.0,22.4,100.0,0.0,20260825 0140
2026-08-25T01:52:04.300150+09:00,성신여대입구역,성신여대입구역,POI035,KEY_2,한산한,5,40000,50000,30.0,70.0,50.0,50.0,0.0,0.0,0.0,0.0,50.0,50.0,20260825 0110
2026-08-25T01:52:04.300150+09:00,수유역,수유역,POI036,KEY_3,한산한,16,250000,300000,69.6,30.4,0.0,32.5,37.1,16.4,14.0,0.0,100.0,0.0,20260825 0140
2026-08-25T01:52:04.300150+09:00,신논현역·논현역,신논현역·논현역,POI037,KEY_2,한산한,5,20000,30000,100.0,0.0,0.0,84.6,0.0,0.0,0.0,15.4,100.0,0.0,20260825 0140
2026-08-25T01:52:04.300150+09:00,신도림역,신도림역,POI038,KEY_3,한산한,5,10000,20000,7.7,92.3,0.0,53.8,0.0,0.0,46.2,0.0,100.0,0.0,20260824 2220
2026-08-25T01:52:04.300150+09:00,신림역,신림역,POI039,KEY_4,한산한,10,250000,300000,76.8,23.2,0.0,5.7,88.6,1.3,2.7,1.7,100.0,0.0,20260825 0140
2026-08-25T01:52:04.300150+09:00,신정네거리역,신정네거리역,POI117,KEY_1,한산한,4,20000,30000,48.0,52.0,0.0,52.0,28.0,20.0,0.0,0.0,100.0,0.0,20260824 2340
2026-08-25T01:52:04.300150+09:00,신촌·이대역,신촌·이대역,POI040,KEY_2,한산한,13,150000,200000,25.6,74.4,0.0,44.7,39.2,0.0,16.1,0.0,100.0,0.0,20260825 0140
2026-08-25T01:52:04.300150+09:00,쌍문역,쌍문역,POI070,KEY_3,한산한,10,30000,40000,77.8,22.2,0.0,13.9,30.6,8.3,47.2,0.0,100.0,0.0,20260824 2340
2026-08-25T01:52:04.300150+09:00,양재역,양재역,POI041,KEY_4,한산한,4,20000,30000,58.6,41.4,0.0,0.0,82.8,0.0,0.0,17.2,100.0,0.0,20260824 2340
2026-08-25T01:52:04.300150+09:00,역삼역,역삼역,POI042,KEY_1,한산한,10,60000,70000,56.7,43.3,0.0,6.7,21.7,50.0,21.7,0.0,89.6,10.4,20260825 0140
2026-08-25T01:52:04.300150+09:00,연신내역,연신내역,POI043,KEY_2,한산한,6,20000,30000,64.3,35.7,0.0,42.9,14.3,14.3,21.4,7.1,100.0,0.0,20260825 0140
2026-08-25T01:52:04.300150+09:00,오목교역·목동운동장,오목교역·목동운동장,POI044,KEY_3,한산한,7,40000,50000,80.8,19.2,0.0,0.0,65.4,11.5,0.0,23.1,61.9,38.1,20260825 0130
2026-08-25T01:52:04.300150+09:00,왕십리역,왕십리역,POI045,KEY_4,한산한,5,10000,20000,35.7,64.3,0.0,71.4,28.6,0.0,0.0,0.0,100.0,0.0,20260825 0110
2026-08-25T01:52:04.300150+09:00,용산역,용산역,POI046,KEY_1,한산한,4,20000,30000,100.0,0.0,0.0,0.0,0.0,95.0,5.0,0.0,74.1,25.9,20260825 0000
2026-08-25T01:52:04.300150+09:00,이태원역,이태원역,POI047,KEY_2,한산한,4,100000,150000,100.0,0.0,0.0,62.2,0.0,37.8,0.0,0.0,58.3,41.7,20260825 0140
2026-08-25T01:52:04.300150+09:00,잠실새내역,잠실새내역,POI118,KEY_3,보통,4,1200000,1300000,100.0,0.0,0.2,0.0,0.0,99.8,0.0,0.0,100.0,0.0,20260825 0100
2026-08-25T01:52:04.300150+09:00,잠실역,잠실역,POI119,KEY_4,한산한,6,50000,60000,77.8,22.2,0.0,7.4,22.2,70.4,0.0,0.0,100.0,0.0,20260825 0040
2026-08-25T01:52:04.300150+09:00,장지역,장지역,POI048,KEY_1,한산한,7,30000,40000,83.3,16.7,0.0,30.6,25.0,44.4,0.0,0.0,100.0,0.0,20260825 0000
2026-08-25T01:52:04.300150+09:00,장한평역,장한평역,POI049,KEY_2,한산한,5,40000,50000,11.6,88.4,0.0,51.2,48.8,0.0,0.0,0.0,100.0,0.0,20260825 0110
2026-08-25T01:52:04.300150+09:00,천호역,천호역,POI050,KEY_3,한산한,5,60000,70000,26.2,73.8,0.0,9.8,0.0,73.8,16.4,0.0,100.0,0.0,20260825 0140
2026-08-25T01:52:04.300150+09:00,총신대입구(이수)역,총신대입구(이수)역,POI051,KEY_4,한산한,6,30000,40000,100.0,0.0,0.0,25.6,64.1,0.0,10.3,0.0,100.0,0.0,20260825 0110
2026-08-25T01:52:04.300150+09:00,충정로역,충정로역,POI052,KEY_1,한산한,5,20000,30000,90.0,10.0,0.0,0.0,50.0,0.0,50.0,0.0,55.0,45.0,20260824 2350
2026-08-25T01:52:04.300150+09:00,합정역,합정역,POI053,KEY_2,한산한,11,60000,70000,50.9,49.1,0.0,58.5,11.3,0.0,0.0,30.2,81.5,18.5,20260824 2350
2026-08-25T01:52:04.300150+09:00,혜화역,혜화역,POI054,KEY_3,한산한,4,300000,350000,73.5,26.5,0.0,73.5,0.0,23.9,2.6,0.0,100.0,0.0,20260825 0100
2026-08-25T01:52:04.300150+09:00,홍대입구역(2호선),홍대입구역(2호선),POI055,KEY_4,한산한,4,200000,250000,48.8,51.2,0.0,48.8,0.0,51.2,0.0,0.0,100.0,0.0,20260825 0140
2026-08-25T01:52:04.300150+09:00,회기역,회기역,POI056,KEY_1,한산한,4,10000,20000,76.5,23.5,0.0,64.7,0.0,0.0,0.0,35.3,100.0,0.0,20260825 0140
2026-08-25T02:40:40.822442+09:00,광화문·덕수궁,광화문·덕수궁,POI009,KEY_2,한산한,4,20000,30000,100.0,0.0,0.0,7.7,80.8,0.0,11.5,0.0,100.0,0.0,20260825 0210
2026-08-25T02:40:40.822442+09:00,보신각,보신각,POI010,KEY_3,한산한,4,60000,70000,36.4,63.6,0.0,36.4,0.0,0.0,0.0,63.6,100.0,0.0,20260825 0110
2026-08-25T02:40:40.822442+09:00,강남 MICE 관광특구,강남 MICE 관광특구,POI001,KEY_2,한산한,4,10000,20000,60.0,40.0,0.0,0.0,60.0,0.0,0.0,40.0,100.0,0.0,20260824 2330
2026-08-25T02:40:40.822442+09:00,동대문 관광특구,동대문 관광특구,POI002,KEY_3,한산한,12,80000,90000,61.8,38.2,0.0,1.3,11.8,47.4,39.5,0.0,91.5,8.5,20260825 0220
2026-08-25T02:40:40.822442+09:00,명동 관광특구,명동 관광특구,POI003,KEY_4,한산한,4,20000,30000,100.0,0.0,0.0,27.8,0.0,55.6,16.7,0.0,62.1,37.9,20260825 0220
2026-08-25T02:40:40.822442+09:00,이태원 관광특구,이태원 관광특구,POI004,KEY_1,보통,11,500000,550000,84.9,15.1,0.0,48.6,49.2,2.2,0.0,0.0,86.9,13.1,20260825 0220
2026-08-25T02:40:40.822442+09:00,잠실 관광특구,잠실 관광특구,POI005,KEY_2,한산한,7,40000,50000,16.7,83.3,0.0,50.0,23.3,16.7,0.0,10.0,72.5,27.5,20260825 0220
2026-08-25T02:40:40.822442+09:00,종로·청계 관광특구,종로·청계 관광특구,POI006,KEY_3,한산한,8,30000,40000,61.8,38.2,0.0,0.0,26.5,61.8,2.9,8.8,100.0,0.0,20260825 0220
2026-08-25T02:40:40.822442+09:00,홍대 관광특구,홍대 관광특구,POI007,KEY_4,한산한,35,700000,750000,90.6,9.4,8.2,41.6,49.6,0.4,0.1,0.0,100.0,0.0,20260825 0220
2026-08-25T02:40:40.822442+09:00,가락시장,가락시장,POI058,KEY_2,바쁜,4,700000,750000,99.4,0.6,0.0,0.0,0.0,0.0,0.0,100.0,67.8,32.2,20260825 0200
2026-08-25T02:40:40.822442+09:00,가로수길,가로수길,POI059,KEY_3,한산한,5,20000,30000,100.0,0.0,0.0,30.8,69.2,0.0,0.0,0.0,100.0,0.0,20260825 0210
2026-08-25T02:40:40.822442+09:00,광장(전통)시장,광장(전통)시장,POI060,KEY_4,한산한,8,300000,350000,0.0,100.0,0.0,0.0,0.0,100.0,0.0,0.0,100.0,0.0,20260824 2120
2026-08-25T02:40:40.822442+09:00,김포공항,김포공항,POI061,KEY_1,한산한,7,30000,40000,70.6,29.4,0.0,0.0,17.6,11.8,70.6,0.0,100.0,0.0,20260824 2130
2026-08-25T02:40:40.822442+09:00,남대문시장,남대문시장,POI115,KEY_2,한산한,5,20000,30000,88.9,11.1,0.0,11.1,11.1,22.2,55.6,0.0,45.0,55.0,20260825 0100
2026-08-25T02:40:40.822442+09:00,노량진,노량진,POI063,KEY_3,한산한,8,40000,50000,91.7,8.3,0.0,29.2,20.8,25.0,0.0,25.0,100.0,0.0,20260825 0220
2026-08-25T02:40:40.822442+09:00,덕수궁길·정동길,덕수궁길·정동길,POI064,KEY_4,한산한,5,20000,30000,100.0,0.0,0.0,21.7,0.0,52.2,26.1,0.0,100.0,0.0,20260824 2210
2026-08-25T02:40:40.822442+09:00,북창동 먹자골목,북창동 먹자골목,POI114,KEY_1,한산한,7,20000,30000,72.2,27.8,0.0,5.6,55.6,11.1,27.8,0.0,62.1,37.9,20260825 0100
2026-08-25T02:40:40.822442+09:00,북촌한옥마을,북촌한옥마을,POI066,KEY_2,한산한,4,10000,20000,60.0,40.0,0.0,0.0,0.0,20.0,80.0,0.0,62.5,37.5,20260824 2300
2026-08-25T02:40:40.822442+09:00,서촌,서촌,POI067,KEY_3,한산한,5,20000,30000,88.9,11.1,0.0,3.7,11.1,51.9,18.5,14.8,100.0,0.0,20260824 2340
2026-08-25T02:40:40.822442+09:00,성수카페거리,성수카페거리,POI068,KEY_4,한산한,4,20000,30000,100.0,0.0,0.0,0.0,18.2,9.1,59.1,13.6,100.0,0.0,20260825 0220
2026-08-25T02:40:40.822442+09:00,송리단길·호수단길,송리단길·호수단길,POI121,KEY_1,한산한,5,40000,50000,97.6,2.4,0.0,34.1,65.9,0.0,0.0,0.0,100.0,0.0,20260825 0100
2026-08-25T02:40:40.822442+09:00,신촌 스타광장,신촌 스타광장,POI122,KEY_2,한산한,5,20000,30000,48.0,52.0,0.0,32.0,40.0,16.0,12.0,0.0,100.0,0.0,20260824 2350
2026-08-25T02:40:40.822442+09:00,압구정로데오거리,압구정로데오거리,POI071,KEY_3,한산한,4,10000,20000,68.8,31.3,25.0,0.0,75.0,0.0,0.0,0.0,100.0,0.0,20260825 0050
2026-08-25T02:40:40.822442+09:00,여의도,여의도,POI072,KEY_4,한산한,4,20000,30000,100.0,0.0,0.0,0.0,83.3,16.7,0.0,0.0,100.0,0.0,20260825 0220
2026-08-25T02:40:40.822442+09:00,연남동,연남동,POI073,KEY_1,한산한,4,20000,30000,80.0,20.0,0.0,45.0,0.0,0.0,55.0,0.0,100.0,0.0,20260825 0140
2026-08-25T02:40:40.822442+09:00,영등포 타임스퀘어,영등포 타임스퀘어,POI074,KEY_2,한산한,5,30000,40000,100.0,0.0,0.0,0.0,0.0,15.2,45.5,39.4,100.0,0.0,20260825 0220
2026-08-25T02:40:40.822442+09:00,용리단길,용리단길,POI076,KEY_3,한산한,5,200000,250000,56.1,43.9,0.0,28.5,19.2,36.8,15.5,0.0,100.0,0.0,20260824 2340
2026-08-25T02:40:40.822442+09:00,이태원 앤틱가구거리,이태원 앤틱가구거리,POI077,KEY_4,한산한,5,10000,20000,87.5,12.5,0.0,37.5,62.5,0.0,0.0,0.0,100.0,0.0,20260825 0130
2026-08-25T02:40:40.822442+09:00,익선동,익선동,POI116,KEY_1,한산한,6,60000,70000,100.0,0.0,0.0,16.4,83.6,0.0,0.0,0.0,100.0,0.0,20260825 0140
2026-08-25T02:40:40.822442+09:00,인사동,인사동,POI078,KEY_2,한산한,6,40000,50000,84.1,15.9,0.0,50.0,0.0,0.0,50.0,0.0,100.0,0.0,20260824 2300
2026-08-25T02:40:40.822442+09:00,잠실롯데타워·석촌호수,잠실롯데타워·석촌호수,POI120,KEY_3,한산한,7,40000,50000,16.7,83.3,0.0,50.0,23.3,16.7,0.0,10.0,72.5,27.5,20260825 0220
2026-08-25T02:40:40.822442+09:00,창동 신경제 중심지,창동 신경제 중심지,POI079,KEY_4,한산한,4,150000,200000,84.8,15.2,0.0,15.2,50.0,34.8,0.0,0.0,100.0,0.0,20260825 0220
2026-08-25T02:40:40.822442+09:00,청담동 명품거리,청담동 명품거리,POI080,KEY_1,바쁜,4,1900000,2000000,69.9,30.1,0.0,30.1,44.6,0.0,25.3,0.0,15.8,84.2,20260824 2340
2026-08-25T02:40:40.822442+09:00,청량리 제기동 일대 전통시장,청량리 제기동 일대 전통시장,POI081,KEY_2,한산한,6,20000,30000,57.1,42.9,0.0,25.0,32.1,0.0,10.7,32.1,100.0,0.0,20260824 2350
2026-08-25T02:40:40.822442+09:00,해방촌·경리단길,해방촌·경리단길,POI082,KEY_3,한산한,4,20000,30000,100.0,0.0,0.0,13.8,13.8,0.0,72.4,0.0,100.0,0.0,20260825 0150
2026-08-25T02:40:40.822442+09:00,DDP(동대문디자인플라자),DDP(동대문디자인플라자),POI083,KEY_4,분주한,4,250000,300000,25.2,74.8,0.0,74.8,0.0,0.0,25.2,0.0,100.0,0.0,20260824 2230
2026-08-25T02:40:40.822442+09:00,DMC(디지털미디어시티),DMC(디지털미디어시티),POI084,KEY_1,한산한,4,30000,40000,52.8,47.2,0.0,22.2,0.0,36.1,41.7,0.0,100.0,0.0,20260825 0200
2026-08-25T02:40:40.822442+09:00,가산디지털단지역,가산디지털단지역,POI013,KEY_2,한산한,4,30000,40000,23.3,76.7,0.0,90.0,0.0,10.0,0.0,0.0,100.0,0.0,20260825 0120
2026-08-25T02:40:40.822442+09:00,강남역,강남역,POI014,KEY_3,한산한,7,60000,70000,70.5,29.5,0.0,55.7,44.3,0.0,0.0,0.0,100.0,0.0,20260825 0220
2026-08-25T02:40:40.822442+09:00,건대입구역,건대입구역,POI015,KEY_4,한산한,11,100000,150000,65.5,34.5,0.0,45.1,36.6,5.6,12.7,0.0,100.0,0.0,20260825 0220
2026-08-25T02:40:40.822442+09:00,고덕역,고덕역,POI016,KEY_1,한산한,4,10000,20000,88.9,11.1,0.0,0.0,66.7,33.3,0.0,0.0,100.0,0.0,20260824 2320
2026-08-25T02:40:40.822442+09:00,고속터미널역,고속터미널역,POI017,KEY_2,한산한,4,20000,30000,100.0,0.0,0.0,52.2,0.0,21.7,26.1,0.0,100.0,0.0,20260825 0040
2026-08-25T02:40:40.822442+09:00,교대역,교대역,POI018,KEY_3,한산한,6,600000,650000,89.4,10.6,0.0,0.0,80.5,0.0,14.6,4.9,19.7,80.3,20260825 0200
2026-08-25T02:40:40.822442+09:00,구로디지털단지역,구로디지털단지역,POI019,KEY_4,한산한,5,100000,150000,43.1,56.9,0.0,40.3,24.3,31.3,4.2,0.0,100.0,0.0,20260825 0220
2026-08-25T02:40:40.822442+09:00,구로역,구로역,POI020,KEY_1,한산한,5,20000,30000,61.5,38.5,0.0,42.3,26.9,15.4,15.4,0.0,100.0,0.0,20260824 2140
2026-08-25T02:40:40.822442+09:00,군자역,군자역,POI021,KEY_2,한산한,4,30000,40000,100.0,0.0,0.0,0.0,56.3,0.0,0.0,43.8,100.0,0.0,20260825 0200
2026-08-25T02:40:40.822442+09:00,대림역,대림역,POI023,KEY_3,한산한,5,20000,30000,64.0,36.0,0.0,40.0,20.0,0.0,40.0,0.0,100.0,0.0,20260825 0000
2026-08-25T02:40:40.822442+09:00,동대문역,동대문역,POI024,KEY_4,한산한,4,70000,80000,75.3,24.7,0.0,0.0,28.6,71.4,0.0,0.0,100.0,0.0,20260825 0150
2026-08-25T02:40:40.822442+09:00,뚝섬역,뚝섬역,POI025,KEY_1,한산한,4,20000,30000,63.6,36.4,0.0,27.3,72.7,0.0,0.0,0.0,54.5,45.5,20260824 2350
2026-08-25T02:40:40.822442+09:00,미아사거리역,미아사거리역,POI026,KEY_2,한산한,4,50000,60000,100.0,0.0,0.0,0.0,20.7,20.7,58.6,0.0,49.2,50.8,20260825 0120
2026-08-25T02:40:40.822442+09:00,발산역,발산역,POI027,KEY_3,한산한,9,350000,400000,75.2,24.8,0.3,26.7,36.2,0.0,36.8,0.0,100.0,0.0,20260825 0210
2026-08-25T02:40:40.822442+09:00,사당역,사당역,POI029,KEY_4,한산한,4,20000,30000,100.0,0.0,0.0,0.0,7.4,14.8,77.8,0.0,100.0,0.0,20260825 0210
2026-08-25T02:40:40.822442+09:00,서울대입구역,서울대입구역,POI031,KEY_2,한산한,4,80000,90000,2.5,97.5,0.0,97.5,0.0,2.5,0.0,0.0,100.0,0.0,20260825 0220
2026-08-25T02:40:40.822442+09:00,서울식물원·마곡나루역,서울식물원·마곡나루역,POI032,KEY_3,한산한,4,30000,40000,86.2,13.8,0.0,6.9,72.4,6.9,0.0,13.8,100.0,0.0,20260825 0120
2026-08-25T02:40:40.822442+09:00,서울역,서울역,POI033,KEY_4,한산한,4,70000,80000,52.1,47.9,0.0,0.0,0.0,0.0,93.2,6.8,100.0,0.0,20260824 2210
2026-08-25T02:40:40.822442+09:00,선릉역,선릉역,POI034,KEY_1,한산한,6,30000,40000,93.5,6.5,9.7,0.0,48.4,41.9,0.0,0.0,100.0,0.0,20260825 0220
2026-08-25T02:40:40.822442+09:00,성신여대입구역,성신여대입구역,POI035,KEY_2,한산한,4,200000,250000,76.6,23.4,0.0,87.2,12.8,0.0,0.0,0.0,100.0,0.0,20260825 0220
2026-08-25T02:40:40.822442+09:00,수유역,수유역,POI036,KEY_3,한산한,5,10000,20000,76.5,23.5,0.0,35.3,0.0,23.5,41.2,0.0,100.0,0.0,20260825 0220
2026-08-25T02:40:40.822442+09:00,신논현역·논현역,신논현역·논현역,POI037,KEY_2,한산한,4,150000,200000,20.6,79.4,0.0,16.9,6.9,76.2,0.0,0.0,100.0,0.0,20260825 0210
2026-08-25T02:40:40.822442+09:00,신도림역,신도림역,POI038,KEY_3,한산한,5,10000,20000,7.7,92.3,0.0,53.8,0.0,0.0,46.2,0.0,100.0,0.0,20260824 2220
2026-08-25T02:40:40.822442+09:00,신림역,신림역,POI039,KEY_4,한산한,10,60000,70000,40.0,60.0,0.0,18.3,50.0,28.3,3.3,0.0,100.0,0.0,20260825 0220
2026-08-25T02:40:40.822442+09:00,신정네거리역,신정네거리역,POI117,KEY_1,한산한,4,20000,30000,48.0,52.0,0.0,52.0,28.0,20.0,0.0,0.0,100.0,0.0,20260824 2340
2026-08-25T02:40:40.822442+09:00,신촌·이대역,신촌·이대역,POI040,KEY_2,한산한,11,100000,150000,69.0,31.0,0.0,62.1,37.9,0.0,0.0,0.0,100.0,0.0,20260825 0220
2026-08-25T02:40:40.822442+09:00,쌍문역,쌍문역,POI070,KEY_3,한산한,10,30000,40000,77.8,22.2,0.0,13.9,30.6,8.3,47.2,0.0,100.0,0.0,20260824 2340
2026-08-25T02:40:40.822442+09:00,양재역,양재역,POI041,KEY_4,한산한,4,20000,30000,58.6,41.4,0.0,0.0,82.8,0.0,0.0,17.2,100.0,0.0,20260824 2340
2026-08-25T02:40:40.822442+09:00,역삼역,역삼역,POI042,KEY_1,한산한,5,40000,50000,19.8,80.2,0.0,2.5,90.1,0.0,6.2,1.2,100.0,0.0,20260825 0220
2026-08-25T02:40:40.822442+09:00,연신내역,연신내역,POI043,KEY_2,한산한,10,150000,200000,51.3,48.7,0.0,0.0,37.0,9.5,53.4,0.0,100.0,0.0,20260825 0220
2026-08-25T02:40:40.822442+09:00,오목교역·목동운동장,오목교역·목동운동장,POI044,KEY_3,한산한,7,40000,50000,80.8,19.2,0.0,0.0,65.4,11.5,0.0,23.1,61.9,38.1,20260825 0130
2026-08-25T02:40:40.822442+09:00,왕십리역,왕십리역,POI045,KEY_4,한산한,4,10000,20000,72.2,27.8,0.0,38.9,61.1,0.0,0.0,0.0,100.0,0.0,20260825 0220
2026-08-25T02:40:40.822442+09:00,용산역,용산역,POI046,KEY_1,한산한,5,30000,40000,26.3,73.7,0.0,0.0,42.1,0.0,13.2,44.7,100.0,0.0,20260825 0230
2026-08-25T02:40:40.822442+09:00,이태원역,이태원역,POI047,KEY_2,한산한,5,10000,20000,60.0,40.0,0.0,80.0,20.0,0.0,0.0,0.0,100.0,0.0,20260825 0230
2026-08-25T02:40:40.822442+09:00,잠실새내역,잠실새내역,POI118,KEY_3,보통,4,1200000,1300000,100.0,0.0,0.2,0.0,0.0,99.8,0.0,0.0,100.0,0.0,20260825 0100
2026-08-25T02:40:40.822442+09:00,잠실역,잠실역,POI119,KEY_4,한산한,6,50000,60000,77.8,22.2,0.0,7.4,22.2,70.4,0.0,0.0,100.0,0.0,20260825 0040
2026-08-25T02:40:40.822442+09:00,장지역,장지역,POI048,KEY_1,한산한,7,30000,40000,83.3,16.7,0.0,30.6,25.0,44.4,0.0,0.0,100.0,0.0,20260825 0000
2026-08-25T02:40:40.822442+09:00,장한평역,장한평역,POI049,KEY_2,한산한,4,20000,30000,100.0,0.0,0.0,0.0,56.3,43.8,0.0,0.0,76.2,23.8,20260825 0210
2026-08-25T02:40:40.822442+09:00,천호역,천호역,POI050,KEY_3,한산한,9,250000,300000,93.8,6.2,0.0,16.9,33.5,49.6,0.0,0.0,100.0,0.0,20260825 0220
2026-08-25T02:40:40.822442+09:00,총신대입구(이수)역,총신대입구(이수)역,POI051,KEY_4,한산한,6,30000,40000,100.0,0.0,0.0,25.6,64.1,0.0,10.3,0.0,100.0,0.0,20260825 0110
2026-08-25T02:40:40.822442+09:00,충정로역,충정로역,POI052,KEY_1,한산한,5,20000,30000,90.0,10.0,0.0,0.0,50.0,0.0,50.0,0.0,55.0,45.0,20260824 2350
2026-08-25T02:40:40.822442+09:00,합정역,합정역,POI053,KEY_2,한산한,11,60000,70000,50.9,49.1,0.0,58.5,11.3,0.0,0.0,30.2,81.5,18.5,20260824 2350
2026-08-25T02:40:40.822442+09:00,혜화역,혜화역,POI054,KEY_3,한산한,4,300000,350000,73.5,26.5,0.0,73.5,0.0,23.9,2.6,0.0,100.0,0.0,20260825 0100
2026-08-25T02:40:40.822442+09:00,홍대입구역(2호선),홍대입구역(2호선),POI055,KEY_4,한산한,4,200000,250000,48.8,51.2,0.0,48.8,0.0,51.2,0.0,0.0,100.0,0.0,20260825 0140
2026-08-25T02:40:40.822442+09:00,회기역,회기역,POI056,KEY_1,한산한,4,20000,30000,75.0,25.0,0.0,100.0,0.0,0.0,0.0,0.0,100.0,0.0,20260825 0210
2026-08-25T03:54:51.615642+09:00,광화문·덕수궁,광화문·덕수궁,POI009,KEY_2,한산한,4,10000,20000,66.7,33.3,0.0,0.0,38.9,11.1,33.3,16.7,100.0,0.0,20260825 0250
2026-08-25T03:54:51.615642+09:00,보신각,보신각,POI010,KEY_3,한산한,4,60000,70000,36.4,63.6,0.0,36.4,0.0,0.0,0.0,63.6,100.0,0.0,20260825 0110
2026-08-25T03:54:51.615642+09:00,강남 MICE 관광특구,강남 MICE 관광특구,POI001,KEY_2,한산한,4,10000,20000,60.0,40.0,0.0,0.0,60.0,0.0,0.0,40.0,100.0,0.0,20260824 2330
2026-08-25T03:54:51.615642+09:00,동대문 관광특구,동대문 관광특구,POI002,KEY_3,한산한,5,30000,40000,48.6,51.4,0.0,0.0,0.0,37.8,51.4,10.8,100.0,0.0,20260825 0340
2026-08-25T03:54:51.615642+09:00,명동 관광특구,명동 관광특구,POI003,KEY_4,한산한,4,30000,40000,100.0,0.0,0.0,6.5,77.4,16.1,0.0,0.0,100.0,0.0,20260825 0310
2026-08-25T03:54:51.615642+09:00,이태원 관광특구,이태원 관광특구,POI004,KEY_1,한산한,4,40000,50000,67.4,32.6,0.0,71.7,21.7,6.5,0.0,0.0,100.0,0.0,20260825 0340
2026-08-25T03:54:51.615642+09:00,잠실 관광특구,잠실 관광특구,POI005,KEY_2,한산한,4,20000,30000,100.0,0.0,0.0,21.1,78.9,0.0,0.0,0.0,100.0,0.0,20260825 0340
2026-08-25T03:54:51.615642+09:00,종로·청계 관광특구,종로·청계 관광특구,POI006,KEY_3,한산한,7,50000,60000,54.9,45.1,0.0,0.0,21.6,17.6,52.9,7.8,100.0,0.0,20260825 0340
2026-08-25T03:54:51.615642+09:00,홍대 관광특구,홍대 관광특구,POI007,KEY_4,한산한,23,500000,550000,73.0,27.0,0.0,37.5,47.2,1.9,9.0,4.4,100.0,0.0,20260825 0340
2026-08-25T03:54:51.615642+09:00,가락시장,가락시장,POI058,KEY_2,한산한,5,30000,40000,100.0,0.0,0.0,0.0,0.0,0.0,24.1,75.9,88.2,11.8,20260825 0330
2026-08-25T03:54:51.615642+09:00,가로수길,가로수길,POI059,KEY_3,한산한,5,30000,40000,100.0,0.0,0.0,47.1,38.2,5.9,8.8,0.0,100.0,0.0,20260825 0240
2026-08-25T03:54:51.615642+09:00,광장(전통)시장,광장(전통)시장,POI060,KEY_4,한산한,8,300000,350000,0.0,100.0,0.0,0.0,0.0,100.0,0.0,0.0,100.0,0.0,20260824 2120
2026-08-25T03:54:51.615642+09:00,김포공항,김포공항,POI061,KEY_1,한산한,7,30000,40000,70.6,29.4,0.0,0.0,17.6,11.8,70.6,0.0,100.0,0.0,20260824 2130
2026-08-25T03:54:51.615642+09:00,남대문시장,남대문시장,POI115,KEY_2,한산한,5,20000,30000,88.9,11.1,0.0,11.1,11.1,22.2,55.6,0.0,45.0,55.0,20260825 0100
2026-08-25T03:54:51.615642+09:00,노량진,노량진,POI063,KEY_3,한산한,4,30000,40000,77.4,22.6,0.0,45.2,54.8,0.0,0.0,0.0,100.0,0.0,20260825 0320
2026-08-25T03:54:51.615642+09:00,덕수궁길·정동길,덕수궁길·정동길,POI064,KEY_4,한산한,5,20000,30000,100.0,0.0,0.0,21.7,0.0,52.2,26.1,0.0,100.0,0.0,20260824 2210
2026-08-25T03:54:51.615642+09:00,북창동 먹자골목,북창동 먹자골목,POI114,KEY_1,한산한,7,20000,30000,72.2,27.8,0.0,5.6,55.6,11.1,27.8,0.0,62.1,37.9,20260825 0100
2026-08-25T03:54:51.615642+09:00,북촌한옥마을,북촌한옥마을,POI066,KEY_2,한산한,4,10000,20000,60.0,40.0,0.0,0.0,0.0,20.0,80.0,0.0,62.5,37.5,20260824 2300
2026-08-25T03:54:51.615642+09:00,서촌,서촌,POI067,KEY_3,한산한,5,20000,30000,88.9,11.1,0.0,3.7,11.1,51.9,18.5,14.8,100.0,0.0,20260824 2340
2026-08-25T03:54:51.615642+09:00,성수카페거리,성수카페거리,POI068,KEY_4,한산한,4,20000,30000,100.0,0.0,0.0,0.0,18.2,9.1,59.1,13.6,100.0,0.0,20260825 0220
2026-08-25T03:54:51.615642+09:00,송리단길·호수단길,송리단길·호수단길,POI121,KEY_1,한산한,4,10000,20000,20.0,80.0,13.3,13.3,20.0,0.0,53.3,0.0,100.0,0.0,20260825 0230
2026-08-25T03:54:51.615642+09:00,신촌 스타광장,신촌 스타광장,POI122,KEY_2,한산한,5,20000,30000,48.0,52.0,0.0,32.0,40.0,16.0,12.0,0.0,100.0,0.0,20260824 2350
2026-08-25T03:54:51.615642+09:00,압구정로데오거리,압구정로데오거리,POI071,KEY_3,한산한,5,30000,40000,64.7,35.3,0.0,35.3,35.3,14.7,14.7,0.0,100.0,0.0,20260825 0250
2026-08-25T03:54:51.615642+09:00,여의도,여의도,POI072,KEY_4,한산한,5,20000,30000,50.0,50.0,0.0,0.0,50.0,0.0,0.0,50.0,100.0,0.0,20260825 0340
2026-08-25T03:54:51.615642+09:00,연남동,연남동,POI073,KEY_1,한산한,4,20000,30000,75.0,25.0,0.0,21.4,53.6,0.0,0.0,25.0,100.0,0.0,20260825 0340
2026-08-25T03:54:51.615642+09:00,영등포 타임스퀘어,영등포 타임스퀘어,POI074,KEY_2,한산한,4,20000,30000,100.0,0.0,0.0,0.0,84.0,0.0,0.0,16.0,100.0,0.0,20260825 0340
2026-08-25T03:54:51.615642+09:00,용리단길,용리단길,POI076,KEY_3,한산한,5,200000,250000,56.1,43.9,0.0,28.5,19.2,36.8,15.5,0.0,100.0,0.0,20260824 2340
2026-08-25T03:54:51.615642+09:00,이태원 앤틱가구거리,이태원 앤틱가구거리,POI077,KEY_4,한산한,4,0,10000,50.0,50.0,0.0,100.0,0.0,0.0,0.0,0.0,100.0,0.0,20260825 0230
2026-08-25T03:54:51.615642+09:00,익선동,익선동,POI116,KEY_1,한산한,6,60000,70000,100.0,0.0,0.0,16.4,83.6,0.0,0.0,0.0,100.0,0.0,20260825 0140
2026-08-25T03:54:51.615642+09:00,인사동,인사동,POI078,KEY_2,한산한,6,40000,50000,84.1,15.9,0.0,50.0,0.0,0.0,50.0,0.0,100.0,0.0,20260824 2300
2026-08-25T03:54:51.615642+09:00,잠실롯데타워·석촌호수,잠실롯데타워·석촌호수,POI120,KEY_3,한산한,4,20000,30000,100.0,0.0,0.0,21.1,78.9,0.0,0.0,0.0,100.0,0.0,20260825 0340
2026-08-25T03:54:51.615642+09:00,창동 신경제 중심지,창동 신경제 중심지,POI079,KEY_4,한산한,4,30000,40000,83.3,16.7,0.0,16.7,16.7,66.7,0.0,0.0,83.3,16.7,20260825 0330
2026-08-25T03:54:51.615642+09:00,청담동 명품거리,청담동 명품거리,POI080,KEY_1,한산한,5,30000,40000,64.7,35.3,0.0,35.3,35.3,14.7,14.7,0.0,100.0,0.0,20260825 0250
2026-08-25T03:54:51.615642+09:00,청량리 제기동 일대 전통시장,청량리 제기동 일대 전통시장,POI081,KEY_2,한산한,6,20000,30000,57.1,42.9,0.0,25.0,32.1,0.0,10.7,32.1,100.0,0.0,20260824 2350
2026-08-25T03:54:51.615642+09:00,해방촌·경리단길,해방촌·경리단길,POI082,KEY_3,한산한,4,20000,30000,100.0,0.0,0.0,13.8,13.8,0.0,72.4,0.0,100.0,0.0,20260825 0150
2026-08-25T03:54:51.615642+09:00,DDP(동대문디자인플라자),DDP(동대문디자인플라자),POI083,KEY_4,분주한,4,250000,300000,25.2,74.8,0.0,74.8,0.0,0.0,25.2,0.0,100.0,0.0,20260824 2230
2026-08-25T03:54:51.615642+09:00,DMC(디지털미디어시티),DMC(디지털미디어시티),POI084,KEY_1,한산한,4,30000,40000,52.8,47.2,0.0,22.2,0.0,36.1,41.7,0.0,100.0,0.0,20260825 0200
2026-08-25T03:54:51.615642+09:00,가산디지털단지역,가산디지털단지역,POI013,KEY_2,한산한,4,30000,40000,23.3,76.7,0.0,90.0,0.0,10.0,0.0,0.0,100.0,0.0,20260825 0120
2026-08-25T03:54:51.615642+09:00,강남역,강남역,POI014,KEY_3,한산한,8,30000,40000,52.6,47.4,0.0,26.3,0.0,31.6,42.1,0.0,66.7,33.3,20260825 0330
2026-08-25T03:54:51.615642+09:00,건대입구역,건대입구역,POI015,KEY_4,한산한,4,40000,50000,100.0,0.0,0.0,100.0,0.0,0.0,0.0,0.0,100.0,0.0,20260825 0340
2026-08-25T03:54:51.615642+09:00,고덕역,고덕역,POI016,KEY_1,한산한,4,10000,20000,88.9,11.1,0.0,0.0,66.7,33.3,0.0,0.0,100.0,0.0,20260824 2320
2026-08-25T03:54:51.615642+09:00,고속터미널역,고속터미널역,POI017,KEY_2,한산한,4,20000,30000,100.0,0.0,0.0,52.2,0.0,21.7,26.1,0.0,100.0,0.0,20260825 0040
2026-08-25T03:54:51.615642+09:00,교대역,교대역,POI018,KEY_3,한산한,6,600000,650000,89.4,10.6,0.0,0.0,80.5,0.0,14.6,4.9,19.7,80.3,20260825 0200
2026-08-25T03:54:51.615642+09:00,구로디지털단지역,구로디지털단지역,POI019,KEY_4,한산한,4,30000,40000,68.8,31.3,0.0,12.5,87.5,0.0,0.0,0.0,100.0,0.0,20260825 0250
2026-08-25T03:54:51.615642+09:00,구로역,구로역,POI020,KEY_1,한산한,5,20000,30000,61.5,38.5,0.0,42.3,26.9,15.4,15.4,0.0,100.0,0.0,20260824 2140
2026-08-25T03:54:51.615642+09:00,군자역,군자역,POI021,KEY_2,한산한,4,30000,40000,100.0,0.0,0.0,0.0,56.3,0.0,0.0,43.8,100.0,0.0,20260825 0200
2026-08-25T03:54:51.615642+09:00,대림역,대림역,POI023,KEY_3,한산한,4,20000,30000,100.0,0.0,0.0,17.9,82.1,0.0,0.0,0.0,100.0,0.0,20260825 0300
2026-08-25T03:54:51.615642+09:00,동대문역,동대문역,POI024,KEY_4,한산한,4,10000,20000,100.0,0.0,0.0,23.5,0.0,52.9,0.0,23.5,100.0,0.0,20260825 0340
2026-08-25T03:54:51.615642+09:00,뚝섬역,뚝섬역,POI025,KEY_1,한산한,4,20000,30000,86.4,13.6,0.0,18.2,0.0,68.2,13.6,0.0,100.0,0.0,20260825 0320
2026-08-25T03:54:51.615642+09:00,미아사거리역,미아사거리역,POI026,KEY_2,한산한,4,50000,60000,100.0,0.0,0.0,0.0,20.7,20.7,58.6,0.0,49.2,50.8,20260825 0120
2026-08-25T03:54:51.615642+09:00,발산역,발산역,POI027,KEY_3,한산한,6,70000,80000,100.0,0.0,0.0,7.7,23.1,5.1,64.1,0.0,100.0,0.0,20260825 0320
2026-08-25T03:54:51.615642+09:00,사당역,사당역,POI029,KEY_4,한산한,4,20000,30000,100.0,0.0,0.0,0.0,57.1,0.0,42.9,0.0,100.0,0.0,20260825 0320
2026-08-25T03:54:51.615642+09:00,서울대입구역,서울대입구역,POI031,KEY_2,한산한,4,80000,90000,2.5,97.5,0.0,97.5,0.0,2.5,0.0,0.0,100.0,0.0,20260825 0220
2026-08-25T03:54:51.615642+09:00,서울식물원·마곡나루역,서울식물원·마곡나루역,POI032,KEY_3,한산한,4,30000,40000,86.2,13.8,0.0,6.9,72.4,6.9,0.0,13.8,100.0,0.0,20260825 0120
2026-08-25T03:54:51.615642+09:00,서울역,서울역,POI033,KEY_4,한산한,4,70000,80000,52.1,47.9,0.0,0.0,0.0,0.0,93.2,6.8,100.0,0.0,20260824 2210
2026-08-25T03:54:51.615642+09:00,선릉역,선릉역,POI034,KEY_1,한산한,7,30000,40000,77.4,22.6,0.0,0.0,61.3,38.7,0.0,0.0,100.0,0.0,20260825 0340
2026-08-25T03:54:51.615642+09:00,성신여대입구역,성신여대입구역,POI035,KEY_2,한산한,4,200000,250000,76.6,23.4,0.0,87.2,12.8,0.0,0.0,0.0,100.0,0.0,20260825 0220
2026-08-25T03:54:51.615642+09:00,수유역,수유역,POI036,KEY_3,한산한,7,60000,70000,31.8,68.2,0.0,15.2,0.0,50.0,28.8,6.1,100.0,0.0,20260825 0340
2026-08-25T03:54:51.615642+09:00,신논현역·논현역,신논현역·논현역,POI037,KEY_2,한산한,4,30000,40000,86.8,13.2,0.0,13.2,5.3,36.8,44.7,0.0,100.0,0.0,20260825 0310
2026-08-25T03:54:51.615642+09:00,신도림역,신도림역,POI038,KEY_3,한산한,5,10000,20000,7.7,92.3,0.0,53.8,0.0,0.0,46.2,0.0,100.0,0.0,20260824 2220
2026-08-25T03:54:51.615642+09:00,신림역,신림역,POI039,KEY_4,한산한,9,150000,200000,40.4,59.6,0.0,9.0,2.8,22.5,55.1,10.7,100.0,0.0,20260825 0330
2026-08-25T03:54:51.615642+09:00,신정네거리역,신정네거리역,POI117,KEY_1,한산한,4,20000,30000,48.0,52.0,0.0,52.0,28.0,20.0,0.0,0.0,100.0,0.0,20260824 2340
2026-08-25T03:54:51.615642+09:00,신촌·이대역,신촌·이대역,POI040,KEY_2,한산한,5,20000,30000,26.7,73.3,0.0,73.3,0.0,26.7,0.0,0.0,60.0,40.0,20260825 0320
2026-08-25T03:54:51.615642+09:00,쌍문역,쌍문역,POI070,KEY_3,한산한,10,30000,40000,77.8,22.2,0.0,13.9,30.6,8.3,47.2,0.0,100.0,0.0,20260824 2340
2026-08-25T03:54:51.615642+09:00,양재역,양재역,POI041,KEY_4,한산한,4,20000,30000,58.6,41.4,0.0,0.0,82.8,0.0,0.0,17.2,100.0,0.0,20260824 2340
2026-08-25T03:54:51.615642+09:00,역삼역,역삼역,POI042,KEY_1,한산한,11,100000,150000,24.8,75.2,0.0,13.1,24.8,60.6,0.0,1.5,93.2,6.8,20260825 0340
2026-08-25T03:54:51.615642+09:00,연신내역,연신내역,POI043,KEY_2,한산한,4,20000,30000,33.3,66.7,0.0,90.5,9.5,0.0,0.0,0.0,100.0,0.0,20260825 0300
2026-08-25T03:54:51.615642+09:00,오목교역·목동운동장,오목교역·목동운동장,POI044,KEY_3,한산한,5,20000,30000,62.5,37.5,0.0,0.0,0.0,4.2,0.0,95.8,100.0,0.0,20260825 0300
2026-08-25T03:54:51.615642+09:00,왕십리역,왕십리역,POI045,KEY_4,한산한,6,30000,40000,93.3,6.7,0.0,20.0,73.3,0.0,6.7,0.0,100.0,0.0,20260825 0250
2026-08-25T03:54:51.615642+09:00,용산역,용산역,POI046,KEY_1,한산한,4,70000,80000,100.0,0.0,0.0,0.0,23.5,0.0,76.5,0.0,22.1,77.9,20260825 0250
2026-08-25T03:54:51.615642+09:00,이태원역,이태원역,POI047,KEY_2,한산한,4,40000,50000,67.4,32.6,0.0,71.7,21.7,6.5,0.0,0.0,100.0,0.0,20260825 0340
2026-08-25T03:54:51.615642+09:00,잠실새내역,잠실새내역,POI118,KEY_3,한산한,10,300000,350000,97.6,2.4,0.0,65.9,0.0,2.0,22.9,9.3,62.0,38.0,20260825 0240
2026-08-25T03:54:51.615642+09:00,잠실역,잠실역,POI119,KEY_4,한산한,6,50000,60000,77.8,22.2,0.0,7.4,22.2,70.4,0.0,0.0,100.0,0.0,20260825 0040
2026-08-25T03:54:51.615642+09:00,장지역,장지역,POI048,KEY_1,한산한,7,30000,40000,83.3,16.7,0.0,30.6,25.0,44.4,0.0,0.0,100.0,0.0,20260825 0000
2026-08-25T03:54:51.615642+09:00,장한평역,장한평역,POI049,KEY_2,한산한,4,20000,30000,100.0,0.0,0.0,0.0,56.3,43.8,0.0,0.0,76.2,23.8,20260825 0210
2026-08-25T03:54:51.615642+09:00,천호역,천호역,POI050,KEY_3,한산한,6,40000,50000,100.0,0.0,0.0,63.8,23.4,12.8,0.0,0.0,100.0,0.0,20260825 0330
2026-08-25T03:54:51.615642+09:00,총신대입구(이수)역,총신대입구(이수)역,POI051,KEY_4,한산한,5,20000,30000,79.2,20.8,0.0,29.2,45.8,4.2,20.8,0.0,100.0,0.0,20260825 0240
2026-08-25T03:54:51.615642+09:00,충정로역,충정로역,POI052,KEY_1,한산한,5,20000,30000,90.0,10.0,0.0,0.0,50.0,0.0,50.0,0.0,55.0,45.0,20260824 2350
2026-08-25T03:54:51.615642+09:00,합정역,합정역,POI053,KEY_2,한산한,11,60000,70000,50.9,49.1,0.0,58.5,11.3,0.0,0.0,30.2,81.5,18.5,20260824 2350
2026-08-25T03:54:51.615642+09:00,혜화역,혜화역,POI054,KEY_3,한산한,4,300000,350000,73.5,26.5,0.0,73.5,0.0,23.9,2.6,0.0,100.0,0.0,20260825 0100
2026-08-25T03:54:51.615642+09:00,홍대입구역(2호선),홍대입구역(2호선),POI055,KEY_4,한산한,4,200000,250000,48.8,51.2,0.0,48.8,0.0,51.2,0.0,0.0,100.0,0.0,20260825 0140
2026-08-25T03:54:51.615642+09:00,회기역,회기역,POI056,KEY_1,한산한,4,20000,30000,30.8,69.2,0.0,69.2,0.0,30.8,0.0,0.0,100.0,0.0,20260825 0320
2026-08-25T04:39:06.104489+09:00,광화문·덕수궁,광화문·덕수궁,POI009,KEY_2,한산한,4,10000,20000,66.7,33.3,0.0,0.0,38.9,11.1,33.3,16.7,100.0,0.0,20260825 0250
2026-08-25T04:39:06.104489+09:00,보신각,보신각,POI010,KEY_3,한산한,4,60000,70000,36.4,63.6,0.0,36.4,0.0,0.0,0.0,63.6,100.0,0.0,20260825 0110
2026-08-25T04:39:06.104489+09:00,강남 MICE 관광특구,강남 MICE 관광특구,POI001,KEY_2,한산한,4,10000,20000,60.0,40.0,0.0,0.0,60.0,0.0,0.0,40.0,100.0,0.0,20260824 2330
2026-08-25T04:39:06.104489+09:00,동대문 관광특구,동대문 관광특구,POI002,KEY_3,한산한,6,50000,60000,70.0,30.0,0.0,12.0,40.0,24.0,8.0,16.0,100.0,0.0,20260825 0420
2026-08-25T04:39:06.104489+09:00,명동 관광특구,명동 관광특구,POI003,KEY_4,한산한,4,30000,40000,100.0,0.0,0.0,6.5,77.4,16.1,0.0,0.0,100.0,0.0,20260825 0310
2026-08-25T04:39:06.104489+09:00,이태원 관광특구,이태원 관광특구,POI004,KEY_1,한산한,4,40000,50000,67.4,32.6,0.0,71.7,21.7,6.5,0.0,0.0,100.0,0.0,20260825 0340
2026-08-25T04:39:06.104489+09:00,잠실 관광특구,잠실 관광특구,POI005,KEY_2,한산한,8,80000,90000,66.7,33.3,0.0,44.4,46.9,0.0,8.6,0.0,100.0,0.0,20260825 0400
2026-08-25T04:39:06.104489+09:00,종로·청계 관광특구,종로·청계 관광특구,POI006,KEY_3,한산한,9,100000,150000,25.5,74.5,0.0,0.0,0.9,2.8,22.6,73.6,100.0,0.0,20260825 0420
2026-08-25T04:39:06.104489+09:00,홍대 관광특구,홍대 관광특구,POI007,KEY_4,한산한,18,350000,400000,72.1,27.9,5.5,72.9,20.3,1.3,0.0,0.0,100.0,0.0,20260825 0420
2026-08-25T04:39:06.104489+09:00,가락시장,가락시장,POI058,KEY_2,바쁜,7,800000,850000,38.8,61.2,0.0,0.0,0.0,61.2,34.5,4.3,49.6,50.4,20260825 0420
2026-08-25T04:39:06.104489+09:00,가로수길,가로수길,POI059,KEY_3,한산한,5,30000,40000,100.0,0.0,0.0,47.1,38.2,5.9,8.8,0.0,100.0,0.0,20260825 0240
2026-08-25T04:39:06.104489+09:00,광장(전통)시장,광장(전통)시장,POI060,KEY_4,한산한,8,300000,350000,0.0,100.0,0.0,0.0,0.0,100.0,0.0,0.0,100.0,0.0,20260824 2120
2026-08-25T04:39:06.104489+09:00,김포공항,김포공항,POI061,KEY_1,한산한,7,30000,40000,70.6,29.4,0.0,0.0,17.6,11.8,70.6,0.0,100.0,0.0,20260824 2130
2026-08-25T04:39:06.104489+09:00,남대문시장,남대문시장,POI115,KEY_2,한산한,5,20000,30000,88.9,11.1,0.0,11.1,11.1,22.2,55.6,0.0,45.0,55.0,20260825 0100
2026-08-25T04:39:06.104489+09:00,노량진,노량진,POI063,KEY_3,한산한,4,10000,20000,100.0,0.0,0.0,0.0,0.0,15.4,84.6,0.0,100.0,0.0,20260825 0420
2026-08-25T04:39:06.104489+09:00,덕수궁길·정동길,덕수궁길·정동길,POI064,KEY_4,한산한,5,20000,30000,100.0,0.0,0.0,21.7,0.0,52.2,26.1,0.0,100.0,0.0,20260824 2210
2026-08-25T04:39:06.104489+09:00,북창동 먹자골목,북창동 먹자골목,POI114,KEY_1,한산한,7,20000,30000,72.2,27.8,0.0,5.6,55.6,11.1,27.8,0.0,62.1,37.9,20260825 0100
2026-08-25T04:39:06.104489+09:00,북촌한옥마을,북촌한옥마을,POI066,KEY_2,한산한,4,10000,20000,60.0,40.0,0.0,0.0,0.0,20.0,80.0,0.0,62.5,37.5,20260824 2300
2026-08-25T04:39:06.104489+09:00,서촌,서촌,POI067,KEY_3,한산한,5,20000,30000,88.9,11.1,0.0,3.7,11.1,51.9,18.5,14.8,100.0,0.0,20260824 2340
2026-08-25T04:39:06.104489+09:00,성수카페거리,성수카페거리,POI068,KEY_4,한산한,4,20000,30000,100.0,0.0,0.0,0.0,18.2,9.1,59.1,13.6,100.0,0.0,20260825 0220
2026-08-25T04:39:06.104489+09:00,송리단길·호수단길,송리단길·호수단길,POI121,KEY_1,한산한,4,10000,20000,20.0,80.0,13.3,13.3,20.0,0.0,53.3,0.0,100.0,0.0,20260825 0230
2026-08-25T04:39:06.104489+09:00,신촌 스타광장,신촌 스타광장,POI122,KEY_2,한산한,5,20000,30000,48.0,52.0,0.0,32.0,40.0,16.0,12.0,0.0,100.0,0.0,20260824 2350
2026-08-25T04:39:06.104489+09:00,압구정로데오거리,압구정로데오거리,POI071,KEY_3,한산한,5,30000,40000,64.7,35.3,0.0,35.3,35.3,14.7,14.7,0.0,100.0,0.0,20260825 0250
2026-08-25T04:39:06.104489+09:00,여의도,여의도,POI072,KEY_4,한산한,4,40000,50000,90.5,9.5,0.0,0.0,28.6,0.0,52.4,19.0,100.0,0.0,20260825 0420
2026-08-25T04:39:06.104489+09:00,연남동,연남동,POI073,KEY_1,한산한,4,10000,20000,46.2,53.8,0.0,15.4,0.0,23.1,61.5,0.0,100.0,0.0,20260825 0350
2026-08-25T04:39:06.104489+09:00,영등포 타임스퀘어,영등포 타임스퀘어,POI074,KEY_2,한산한,4,20000,30000,100.0,0.0,0.0,0.0,84.0,0.0,0.0,16.0,100.0,0.0,20260825 0340
2026-08-25T04:39:06.104489+09:00,용리단길,용리단길,POI076,KEY_3,한산한,5,200000,250000,56.1,43.9,0.0,28.5,19.2,36.8,15.5,0.0,100.0,0.0,20260824 2340
2026-08-25T04:39:06.104489+09:00,이태원 앤틱가구거리,이태원 앤틱가구거리,POI077,KEY_4,한산한,4,0,10000,50.0,50.0,0.0,100.0,0.0,0.0,0.0,0.0,100.0,0.0,20260825 0230
2026-08-25T04:39:06.104489+09:00,익선동,익선동,POI116,KEY_1,한산한,6,60000,70000,100.0,0.0,0.0,16.4,83.6,0.0,0.0,0.0,100.0,0.0,20260825 0140
2026-08-25T04:39:06.104489+09:00,인사동,인사동,POI078,KEY_2,한산한,6,40000,50000,84.1,15.9,0.0,50.0,0.0,0.0,50.0,0.0,100.0,0.0,20260824 2300
2026-08-25T04:39:06.104489+09:00,잠실롯데타워·석촌호수,잠실롯데타워·석촌호수,POI120,KEY_3,한산한,8,80000,90000,66.7,33.3,0.0,44.4,46.9,0.0,8.6,0.0,100.0,0.0,20260825 0400
2026-08-25T04:39:06.104489+09:00,창동 신경제 중심지,창동 신경제 중심지,POI079,KEY_4,한산한,4,30000,40000,83.3,16.7,0.0,16.7,16.7,66.7,0.0,0.0,83.3,16.7,20260825 0330
2026-08-25T04:39:06.104489+09:00,청담동 명품거리,청담동 명품거리,POI080,KEY_1,한산한,5,30000,40000,64.7,35.3,0.0,35.3,35.3,14.7,14.7,0.0,100.0,0.0,20260825 0250
2026-08-25T04:39:06.104489+09:00,청량리 제기동 일대 전통시장,청량리 제기동 일대 전통시장,POI081,KEY_2,한산한,6,20000,30000,57.1,42.9,0.0,25.0,32.1,0.0,10.7,32.1,100.0,0.0,20260824 2350
2026-08-25T04:39:06.104489+09:00,해방촌·경리단길,해방촌·경리단길,POI082,KEY_3,한산한,4,20000,30000,100.0,0.0,0.0,13.8,13.8,0.0,72.4,0.0,100.0,0.0,20260825 0150
2026-08-25T04:39:06.104489+09:00,DDP(동대문디자인플라자),DDP(동대문디자인플라자),POI083,KEY_4,분주한,4,250000,300000,25.2,74.8,0.0,74.8,0.0,0.0,25.2,0.0,100.0,0.0,20260824 2230
2026-08-25T04:39:06.104489+09:00,DMC(디지털미디어시티),DMC(디지털미디어시티),POI084,KEY_1,한산한,4,30000,40000,52.8,47.2,0.0,22.2,0.0,36.1,41.7,0.0,100.0,0.0,20260825 0200
2026-08-25T04:39:06.104489+09:00,가산디지털단지역,가산디지털단지역,POI013,KEY_2,한산한,4,30000,40000,23.3,76.7,0.0,90.0,0.0,10.0,0.0,0.0,100.0,0.0,20260825 0120
2026-08-25T04:39:06.104489+09:00,강남역,강남역,POI014,KEY_3,한산한,4,80000,90000,100.0,0.0,0.0,0.0,18.5,33.3,48.1,0.0,31.8,68.2,20260825 0420
2026-08-25T04:39:06.104489+09:00,건대입구역,건대입구역,POI015,KEY_4,한산한,4,30000,40000,67.7,32.3,0.0,32.3,0.0,67.7,0.0,0.0,100.0,0.0,20260825 0420
2026-08-25T04:39:06.104489+09:00,고덕역,고덕역,POI016,KEY_1,한산한,4,10000,20000,88.9,11.1,0.0,0.0,66.7,33.3,0.0,0.0,100.0,0.0,20260824 2320
2026-08-25T04:39:06.104489+09:00,고속터미널역,고속터미널역,POI017,KEY_2,한산한,4,20000,30000,100.0,0.0,0.0,52.2,0.0,21.7,26.1,0.0,100.0,0.0,20260825 0040
2026-08-25T04:39:06.104489+09:00,교대역,교대역,POI018,KEY_3,한산한,6,600000,650000,89.4,10.6,0.0,0.0,80.5,0.0,14.6,4.9,19.7,80.3,20260825 0200
2026-08-25T04:39:06.104489+09:00,구로디지털단지역,구로디지털단지역,POI019,KEY_4,한산한,5,50000,60000,75.0,25.0,0.0,0.0,75.0,25.0,0.0,0.0,41.2,58.8,20260825 0410
2026-08-25T04:39:06.104489+09:00,구로역,구로역,POI020,KEY_1,한산한,5,20000,30000,61.5,38.5,0.0,42.3,26.9,15.4,15.4,0.0,100.0,0.0,20260824 2140
2026-08-25T04:39:06.104489+09:00,군자역,군자역,POI021,KEY_2,한산한,6,30000,40000,66.7,33.3,0.0,33.3,36.7,0.0,0.0,30.0,100.0,0.0,20260825 0420
2026-08-25T04:39:06.104489+09:00,대림역,대림역,POI023,KEY_3,한산한,4,20000,30000,22.2,77.8,0.0,0.0,85.2,14.8,0.0,0.0,100.0,0.0,20260825 0350
2026-08-25T04:39:06.104489+09:00,동대문역,동대문역,POI024,KEY_4,한산한,4,10000,20000,100.0,0.0,0.0,23.5,0.0,52.9,0.0,23.5,100.0,0.0,20260825 0340
2026-08-25T04:39:06.104489+09:00,뚝섬역,뚝섬역,POI025,KEY_1,한산한,4,10000,20000,80.0,20.0,0.0,20.0,0.0,80.0,0.0,0.0,100.0,0.0,20260825 0400
2026-08-25T04:39:06.104489+09:00,미아사거리역,미아사거리역,POI026,KEY_2,한산한,4,50000,60000,100.0,0.0,0.0,0.0,20.7,20.7,58.6,0.0,49.2,50.8,20260825 0120
2026-08-25T04:39:06.104489+09:00,발산역,발산역,POI027,KEY_3,한산한,6,70000,80000,100.0,0.0,0.0,7.7,23.1,5.1,64.1,0.0,100.0,0.0,20260825 0320
2026-08-25T04:39:06.104489+09:00,사당역,사당역,POI029,KEY_4,한산한,5,20000,30000,85.2,14.8,0.0,66.7,33.3,0.0,0.0,0.0,100.0,0.0,20260825 0420
2026-08-25T04:39:06.104489+09:00,서울대입구역,서울대입구역,POI031,KEY_2,한산한,4,300000,350000,100.0,0.0,0.0,26.6,0.0,55.7,17.6,0.0,100.0,0.0,20260825 0420
2026-08-25T04:39:06.104489+09:00,서울식물원·마곡나루역,서울식물원·마곡나루역,POI032,KEY_3,한산한,4,30000,40000,86.2,13.8,0.0,6.9,72.4,6.9,0.0,13.8,100.0,0.0,20260825 0120
2026-08-25T04:39:06.104489+09:00,서울역,서울역,POI033,KEY_4,한산한,4,70000,80000,52.1,47.9,0.0,0.0,0.0,0.0,93.2,6.8,100.0,0.0,20260824 2210
2026-08-25T04:39:06.104489+09:00,선릉역,선릉역,POI034,KEY_1,한산한,6,20000,30000,92.6,7.4,0.0,22.2,77.8,0.0,0.0,0.0,100.0,0.0,20260825 0420
2026-08-25T04:39:06.104489+09:00,성신여대입구역,성신여대입구역,POI035,KEY_2,한산한,4,200000,250000,76.6,23.4,0.0,87.2,12.8,0.0,0.0,0.0,100.0,0.0,20260825 0220
2026-08-25T04:39:06.104489+09:00,수유역,수유역,POI036,KEY_3,한산한,5,60000,70000,77.0,23.0,0.0,19.7,6.6,50.8,0.0,23.0,100.0,0.0,20260825 0420
2026-08-25T04:39:06.104489+09:00,신논현역·논현역,신논현역·논현역,POI037,KEY_2,한산한,4,20000,30000,100.0,0.0,0.0,25.0,16.7,58.3,0.0,0.0,100.0,0.0,20260825 0350
2026-08-25T04:39:06.104489+09:00,신도림역,신도림역,POI038,KEY_3,한산한,5,10000,20000,7.7,92.3,0.0,53.8,0.0,0.0,46.2,0.0,100.0,0.0,20260824 2220
2026-08-25T04:39:06.104489+09:00,신림역,신림역,POI039,KEY_4,한산한,13,150000,200000,22.0,78.0,0.0,7.0,18.0,7.0,64.5,3.5,100.0,0.0,20260825 0420
2026-08-25T04:39:06.104489+09:00,신정네거리역,신정네거리역,POI117,KEY_1,한산한,4,20000,30000,48.0,52.0,0.0,52.0,28.0,20.0,0.0,0.0,100.0,0.0,20260824 2340
2026-08-25T04:39:06.104489+09:00,신촌·이대역,신촌·이대역,POI040,KEY_2,한산한,4,20000,30000,33.3,66.7,0.0,66.7,20.8,12.5,0.0,0.0,100.0,0.0,20260825 0400
2026-08-25T04:39:06.104489+09:00,쌍문역,쌍문역,POI070,KEY_3,한산한,10,30000,40000,77.8,22.2,0.0,13.9,30.6,8.3,47.2,0.0,100.0,0.0,20260824 2340
2026-08-25T04:39:06.104489+09:00,양재역,양재역,POI041,KEY_4,한산한,4,20000,30000,58.6,41.4,0.0,0.0,82.8,0.0,0.0,17.2,100.0,0.0,20260824 2340
2026-08-25T04:39:06.104489+09:00,역삼역,역삼역,POI042,KEY_1,한산한,7,70000,80000,69.4,30.6,0.0,0.0,36.1,58.3,5.6,0.0,100.0,0.0,20260825 0350
2026-08-25T04:39:06.104489+09:00,연신내역,연신내역,POI043,KEY_2,한산한,5,200000,250000,0.0,100.0,0.0,25.1,44.3,0.0,30.6,0.0,100.0,0.0,20260825 0400
2026-08-25T04:39:06.104489+09:00,오목교역·목동운동장,오목교역·목동운동장,POI044,KEY_3,한산한,5,20000,30000,62.5,37.5,0.0,0.0,0.0,4.2,0.0,95.8,100.0,0.0,20260825 0300
2026-08-25T04:39:06.104489+09:00,왕십리역,왕십리역,POI045,KEY_4,한산한,6,30000,40000,0.0,100.0,0.0,100.0,0.0,0.0,0.0,0.0,100.0,0.0,20260825 0250
2026-08-25T04:39:06.104489+09:00,용산역,용산역,POI046,KEY_1,한산한,4,70000,80000,100.0,0.0,0.0,0.0,23.5,0.0,76.5,0.0,22.1,77.9,20260825 0250
2026-08-25T04:39:06.104489+09:00,이태원역,이태원역,POI047,KEY_2,한산한,4,40000,50000,67.4,32.6,0.0,71.7,21.7,6.5,0.0,0.0,100.0,0.0,20260825 0340
2026-08-25T04:39:06.104489+09:00,잠실새내역,잠실새내역,POI118,KEY_3,한산한,10,300000,350000,97.6,2.4,0.0,65.9,0.0,2.0,22.9,9.3,62.0,38.0,20260825 0240
2026-08-25T04:39:06.104489+09:00,잠실역,잠실역,POI119,KEY_4,한산한,6,50000,60000,77.8,22.2,0.0,7.4,22.2,70.4,0.0,0.0,100.0,0.0,20260825 0040
2026-08-25T04:39:06.104489+09:00,장지역,장지역,POI048,KEY_1,한산한,7,30000,40000,83.3,16.7,0.0,30.6,25.0,44.4,0.0,0.0,100.0,0.0,20260825 0000
2026-08-25T04:39:06.104489+09:00,장한평역,장한평역,POI049,KEY_2,한산한,4,20000,30000,100.0,0.0,0.0,0.0,56.3,43.8,0.0,0.0,76.2,23.8,20260825 0210
2026-08-25T04:39:06.104489+09:00,천호역,천호역,POI050,KEY_3,한산한,6,40000,50000,100.0,0.0,0.0,63.8,23.4,12.8,0.0,0.0,100.0,0.0,20260825 0330
2026-08-25T04:39:06.104489+09:00,총신대입구(이수)역,총신대입구(이수)역,POI051,KEY_4,한산한,5,20000,30000,79.2,20.8,0.0,29.2,45.8,4.2,20.8,0.0,100.0,0.0,20260825 0240
2026-08-25T04:39:06.104489+09:00,충정로역,충정로역,POI052,KEY_1,한산한,5,20000,30000,90.0,10.0,0.0,0.0,50.0,0.0,50.0,0.0,55.0,45.0,20260824 2350
2026-08-25T04:39:06.104489+09:00,합정역,합정역,POI053,KEY_2,한산한,11,60000,70000,50.9,49.1,0.0,58.5,11.3,0.0,0.0,30.2,81.5,18.5,20260824 2350
2026-08-25T04:39:06.104489+09:00,혜화역,혜화역,POI054,KEY_3,한산한,4,300000,350000,73.5,26.5,0.0,73.5,0.0,23.9,2.6,0.0,100.0,0.0,20260825 0100
2026-08-25T04:39:06.104489+09:00,홍대입구역(2호선),홍대입구역(2호선),POI055,KEY_4,한산한,4,200000,250000,48.8,51.2,0.0,48.8,0.0,51.2,0.0,0.0,100.0,0.0,20260825 0140
2026-08-25T04:39:06.104489+09:00,회기역,회기역,POI056,KEY_1,한산한,4,20000,30000,30.8,69.2,0.0,69.2,0.0,30.8,0.0,0.0,100.0,0.0,20260825 0320
2026-08-25T05:43:01.634217+09:00,광화문·덕수궁,광화문·덕수궁,POI009,KEY_2,한산한,4,10000,20000,66.7,33.3,0.0,0.0,38.9,11.1,33.3,16.7,100.0,0.0,20260825 0250
2026-08-25T05:43:01.634217+09:00,보신각,보신각,POI010,KEY_3,한산한,4,20000,30000,94.7,5.3,0.0,0.0,0.0,5.3,73.7,21.1,100.0,0.0,20260825 0520
2026-08-25T05:43:01.634217+09:00,강남 MICE 관광특구,강남 MICE 관광특구,POI001,KEY_2,한산한,4,10000,20000,60.0,40.0,0.0,0.0,60.0,0.0,0.0,40.0,100.0,0.0,20260824 2330
2026-08-25T05:43:01.634217+09:00,동대문 관광특구,동대문 관광특구,POI002,KEY_3,한산한,5,20000,30000,20.7,79.3,0.0,0.0,20.7,72.4,6.9,0.0,100.0,0.0,20260825 0520
2026-08-25T05:43:01.634217+09:00,명동 관광특구,명동 관광특구,POI003,KEY_4,한산한,6,30000,40000,88.6,11.4,0.0,0.0,22.9,0.0,65.7,11.4,100.0,0.0,20260825 0520
2026-08-25T05:43:01.634217+09:00,이태원 관광특구,이태원 관광특구,POI004,KEY_1,한산한,4,40000,50000,67.4,32.6,0.0,71.7,21.7,6.5,0.0,0.0,100.0,0.0,20260825 0340
2026-08-25T05:43:01.634217+09:00,잠실 관광특구,잠실 관광특구,POI005,KEY_2,한산한,5,50000,60000,66.7,33.3,0.0,38.1,42.9,0.0,19.0,0.0,39.6,60.4,20260825 0530
2026-08-25T05:43:01.634217+09:00,종로·청계 관광특구,종로·청계 관광특구,POI006,KEY_3,한산한,13,50000,60000,84.0,16.0,0.0,0.0,24.0,18.0,50.0,8.0,100.0,0.0,20260825 0520
2026-08-25T05:43:01.634217+09:00,홍대 관광특구,홍대 관광특구,POI007,KEY_4,한산한,10,50000,60000,66.7,33.3,0.0,56.9,11.8,0.0,0.0,31.4,100.0,0.0,20260825 0530
2026-08-25T05:43:01.634217+09:00,가락시장,가락시장,POI058,KEY_2,한산한,11,250000,300000,72.2,27.8,0.0,7.4,9.5,0.0,21.5,61.6,100.0,0.0,20260825 0530
2026-08-25T05:43:01.634217+09:00,가로수길,가로수길,POI059,KEY_3,한산한,4,10000,20000,83.3,16.7,0.0,0.0,8.3,66.7,16.7,8.3,100.0,0.0,20260825 0520
2026-08-25T05:43:01.634217+09:00,광장(전통)시장,광장(전통)시장,POI060,KEY_4,한산한,8,300000,350000,0.0,100.0,0.0,0.0,0.0,100.0,0.0,0.0,100.0,0.0,20260824 2120
2026-08-25T05:43:01.634217+09:00,김포공항,김포공항,POI061,KEY_1,한산한,7,30000,40000,70.6,29.4,0.0,0.0,17.6,11.8,70.6,0.0,100.0,0.0,20260824 2130
2026-08-25T05:43:01.634217+09:00,남대문시장,남대문시장,POI115,KEY_2,한산한,5,20000,30000,88.9,11.1,0.0,11.1,11.1,22.2,55.6,0.0,45.0,55.0,20260825 0100
2026-08-25T05:43:01.634217+09:00,노량진,노량진,POI063,KEY_3,한산한,7,40000,50000,81.0,19.0,0.0,14.3,26.2,21.4,2.4,35.7,100.0,0.0,20260825 0530
2026-08-25T05:43:01.634217+09:00,덕수궁길·정동길,덕수궁길·정동길,POI064,KEY_4,한산한,5,20000,30000,100.0,0.0,0.0,21.7,0.0,52.2,26.1,0.0,100.0,0.0,20260824 2210
2026-08-25T05:43:01.634217+09:00,북창동 먹자골목,북창동 먹자골목,POI114,KEY_1,한산한,7,20000,30000,72.2,27.8,0.0,5.6,55.6,11.1,27.8,0.0,62.1,37.9,20260825 0100
2026-08-25T05:43:01.634217+09:00,북촌한옥마을,북촌한옥마을,POI066,KEY_2,한산한,4,10000,20000,60.0,40.0,0.0,0.0,0.0,20.0,80.0,0.0,62.5,37.5,20260824 2300
2026-08-25T05:43:01.634217+09:00,서촌,서촌,POI067,KEY_3,한산한,5,20000,30000,88.9,11.1,0.0,3.7,11.1,51.9,18.5,14.8,100.0,0.0,20260824 2340
2026-08-25T05:43:01.634217+09:00,성수카페거리,성수카페거리,POI068,KEY_4,한산한,4,20000,30000,100.0,0.0,0.0,0.0,18.2,9.1,59.1,13.6,100.0,0.0,20260825 0220
2026-08-25T05:43:01.634217+09:00,송리단길·호수단길,송리단길·호수단길,POI121,KEY_1,한산한,4,10000,20000,20.0,80.0,13.3,13.3,20.0,0.0,53.3,0.0,100.0,0.0,20260825 0230
2026-08-25T05:43:01.634217+09:00,신촌 스타광장,신촌 스타광장,POI122,KEY_2,한산한,5,20000,30000,48.0,52.0,0.0,32.0,40.0,16.0,12.0,0.0,100.0,0.0,20260824 2350
2026-08-25T05:43:01.634217+09:00,압구정로데오거리,압구정로데오거리,POI071,KEY_3,한산한,5,30000,40000,64.7,35.3,0.0,35.3,35.3,14.7,14.7,0.0,100.0,0.0,20260825 0250
2026-08-25T05:43:01.634217+09:00,여의도,여의도,POI072,KEY_4,한산한,4,20000,30000,89.7,10.3,0.0,0.0,10.3,0.0,89.7,0.0,100.0,0.0,20260825 0530
2026-08-25T05:43:01.634217+09:00,연남동,연남동,POI073,KEY_1,한산한,4,10000,20000,46.2,53.8,0.0,15.4,0.0,23.1,61.5,0.0,100.0,0.0,20260825 0350
2026-08-25T05:43:01.634217+09:00,영등포 타임스퀘어,영등포 타임스퀘어,POI074,KEY_2,한산한,4,20000,30000,64.0,36.0,0.0,20.0,0.0,36.0,28.0,16.0,100.0,0.0,20260825 0520
2026-08-25T05:43:01.634217+09:00,용리단길,용리단길,POI076,KEY_3,한산한,5,200000,250000,56.1,43.9,0.0,28.5,19.2,36.8,15.5,0.0,100.0,0.0,20260824 2340
2026-08-25T05:43:01.634217+09:00,이태원 앤틱가구거리,이태원 앤틱가구거리,POI077,KEY_4,한산한,4,0,10000,50.0,50.0,0.0,100.0,0.0,0.0,0.0,0.0,100.0,0.0,20260825 0230
2026-08-25T05:43:01.634217+09:00,익선동,익선동,POI116,KEY_1,한산한,6,60000,70000,100.0,0.0,0.0,16.4,83.6,0.0,0.0,0.0,100.0,0.0,20260825 0140
2026-08-25T05:43:01.634217+09:00,인사동,인사동,POI078,KEY_2,한산한,6,40000,50000,84.1,15.9,0.0,50.0,0.0,0.0,50.0,0.0,100.0,0.0,20260824 2300
2026-08-25T05:43:01.634217+09:00,잠실롯데타워·석촌호수,잠실롯데타워·석촌호수,POI120,KEY_3,한산한,5,50000,60000,66.7,33.3,0.0,38.1,42.9,0.0,19.0,0.0,39.6,60.4,20260825 0530
2026-08-25T05:43:01.634217+09:00,창동 신경제 중심지,창동 신경제 중심지,POI079,KEY_4,한산한,5,30000,40000,58.6,41.4,0.0,41.4,0.0,0.0,37.9,20.7,100.0,0.0,20260825 0520
2026-08-25T05:43:01.634217+09:00,청담동 명품거리,청담동 명품거리,POI080,KEY_1,한산한,5,30000,40000,64.7,35.3,0.0,35.3,35.3,14.7,14.7,0.0,100.0,0.0,20260825 0250
2026-08-25T05:43:01.634217+09:00,청량리 제기동 일대 전통시장,청량리 제기동 일대 전통시장,POI081,KEY_2,한산한,6,20000,30000,57.1,42.9,0.0,25.0,32.1,0.0,10.7,32.1,100.0,0.0,20260824 2350
2026-08-25T05:43:01.634217+09:00,해방촌·경리단길,해방촌·경리단길,POI082,KEY_3,한산한,4,20000,30000,100.0,0.0,0.0,13.8,13.8,0.0,72.4,0.0,100.0,0.0,20260825 0150
2026-08-25T05:43:01.634217+09:00,DDP(동대문디자인플라자),DDP(동대문디자인플라자),POI083,KEY_4,분주한,4,250000,300000,25.2,74.8,0.0,74.8,0.0,0.0,25.2,0.0,100.0,0.0,20260824 2230
2026-08-25T05:43:01.634217+09:00,DMC(디지털미디어시티),DMC(디지털미디어시티),POI084,KEY_1,한산한,4,30000,40000,52.8,47.2,0.0,22.2,0.0,36.1,41.7,0.0,100.0,0.0,20260825 0200
2026-08-25T05:43:01.634217+09:00,가산디지털단지역,가산디지털단지역,POI013,KEY_2,한산한,5,20000,30000,84.6,15.4,0.0,0.0,23.1,34.6,42.3,0.0,100.0,0.0,20260825 0530
2026-08-25T05:43:01.634217+09:00,강남역,강남역,POI014,KEY_3,한산한,5,30000,40000,40.5,59.5,0.0,48.6,13.5,0.0,27.0,10.8,100.0,0.0,20260825 0530
2026-08-25T05:43:01.634217+09:00,건대입구역,건대입구역,POI015,KEY_4,한산한,5,20000,30000,64.0,36.0,0.0,0.0,24.0,16.0,40.0,20.0,100.0,0.0,20260825 0500
2026-08-25T05:43:01.634217+09:00,고덕역,고덕역,POI016,KEY_1,한산한,4,10000,20000,88.9,11.1,0.0,0.0,66.7,33.3,0.0,0.0,100.0,0.0,20260824 2320
2026-08-25T05:43:01.634217+09:00,고속터미널역,고속터미널역,POI017,KEY_2,한산한,4,20000,30000,100.0,0.0,0.0,52.2,0.0,21.7,26.1,0.0,100.0,0.0,20260825 0040
2026-08-25T05:43:01.634217+09:00,교대역,교대역,POI018,KEY_3,한산한,6,600000,650000,89.4,10.6,0.0,0.0,80.5,0.0,14.6,4.9,19.7,80.3,20260825 0200
2026-08-25T05:43:01.634217+09:00,구로디지털단지역,구로디지털단지역,POI019,KEY_4,한산한,5,50000,60000,75.0,25.0,0.0,0.0,75.0,25.0,0.0,0.0,41.2,58.8,20260825 0410
2026-08-25T05:43:01.634217+09:00,구로역,구로역,POI020,KEY_1,한산한,5,20000,30000,61.5,38.5,0.0,42.3,26.9,15.4,15.4,0.0,100.0,0.0,20260824 2140
2026-08-25T05:43:01.634217+09:00,군자역,군자역,POI021,KEY_2,한산한,6,30000,40000,66.7,33.3,0.0,33.3,36.7,0.0,0.0,30.0,100.0,0.0,20260825 0420
2026-08-25T05:43:01.634217+09:00,대림역,대림역,POI023,KEY_3,한산한,6,70000,80000,91.4,8.6,0.0,0.0,4.3,2.9,77.1,15.7,100.0,0.0,20260825 0530
2026-08-25T05:43:01.634217+09:00,동대문역,동대문역,POI024,KEY_4,한산한,4,30000,40000,100.0,0.0,0.0,0.0,30.0,70.0,0.0,0.0,100.0,0.0,20260825 0430
2026-08-25T05:43:01.634217+09:00,뚝섬역,뚝섬역,POI025,KEY_1,한산한,4,10000,20000,100.0,0.0,0.0,0.0,0.0,64.7,35.3,0.0,100.0,0.0,20260825 0500
2026-08-25T05:43:01.634217+09:00,미아사거리역,미아사거리역,POI026,KEY_2,한산한,4,50000,60000,100.0,0.0,0.0,0.0,20.7,20.7,58.6,0.0,49.2,50.8,20260825 0120
2026-08-25T05:43:01.634217+09:00,발산역,발산역,POI027,KEY_3,한산한,4,20000,30000,72.4,27.6,0.0,0.0,10.3,37.9,27.6,24.1,100.0,0.0,20260825 0450
2026-08-25T05:43:01.634217+09:00,사당역,사당역,POI029,KEY_4,한산한,6,20000,30000,89.3,10.7,0.0,0.0,32.1,7.1,50.0,10.7,100.0,0.0,20260825 0530
2026-08-25T05:43:01.634217+09:00,서울대입구역,서울대입구역,POI031,KEY_2,한산한,9,50000,60000,78.8,21.2,0.0,7.7,32.7,17.3,3.8,38.5,100.0,0.0,20260825 0520
2026-08-25T05:43:01.634217+09:00,서울식물원·마곡나루역,서울식물원·마곡나루역,POI032,KEY_3,한산한,4,30000,40000,86.2,13.8,0.0,6.9,72.4,6.9,0.0,13.8,100.0,0.0,20260825 0120
2026-08-25T05:43:01.634217+09:00,서울역,서울역,POI033,KEY_4,한산한,4,70000,80000,52.1,47.9,0.0,0.0,0.0,0.0,93.2,6.8,100.0,0.0,20260824 2210
2026-08-25T05:43:01.634217+09:00,선릉역,선릉역,POI034,KEY_1,한산한,4,30000,40000,88.9,11.1,0.0,0.0,50.0,38.9,0.0,11.1,100.0,0.0,20260825 0520
2026-08-25T05:43:01.634217+09:00,성신여대입구역,성신여대입구역,POI035,KEY_2,한산한,4,200000,250000,76.6,23.4,0.0,87.2,12.8,0.0,0.0,0.0,100.0,0.0,20260825 0220
2026-08-25T05:43:01.634217+09:00,수유역,수유역,POI036,KEY_3,한산한,6,40000,50000,95.1,4.9,0.0,0.0,9.8,9.8,7.3,73.2,100.0,0.0,20260825 0530
2026-08-25T05:43:01.634217+09:00,신논현역·논현역,신논현역·논현역,POI037,KEY_2,한산한,4,350000,400000,64.9,35.1,0.0,0.0,71.5,0.0,0.0,28.5,100.0,0.0,20260825 0510
2026-08-25T05:43:01.634217+09:00,신도림역,신도림역,POI038,KEY_3,한산한,5,10000,20000,7.7,92.3,0.0,53.8,0.0,0.0,46.2,0.0,100.0,0.0,20260824 2220
2026-08-25T05:43:01.634217+09:00,신림역,신림역,POI039,KEY_4,한산한,6,30000,40000,54.5,45.5,0.0,66.7,15.2,0.0,0.0,18.2,100.0,0.0,20260825 0530
2026-08-25T05:43:01.634217+09:00,신정네거리역,신정네거리역,POI117,KEY_1,한산한,4,20000,30000,48.0,52.0,0.0,52.0,28.0,20.0,0.0,0.0,100.0,0.0,20260824 2340
2026-08-25T05:43:01.634217+09:00,신촌·이대역,신촌·이대역,POI040,KEY_2,한산한,4,10000,20000,100.0,0.0,0.0,0.0,44.4,11.1,11.1,33.3,100.0,0.0,20260825 0520
2026-08-25T05:43:01.634217+09:00,쌍문역,쌍문역,POI070,KEY_3,한산한,4,20000,30000,100.0,0.0,0.0,0.0,0.0,13.6,63.6,22.7,100.0,0.0,20260825 0510
2026-08-25T05:43:01.634217+09:00,양재역,양재역,POI041,KEY_4,한산한,4,20000,30000,58.6,41.4,0.0,0.0,82.8,0.0,0.0,17.2,100.0,0.0,20260824 2340
2026-08-25T05:43:01.634217+09:00,역삼역,역삼역,POI042,KEY_1,한산한,5,30000,40000,100.0,0.0,0.0,35.9,25.6,38.5,0.0,0.0,100.0,0.0,20260825 0520
2026-08-25T05:43:01.634217+09:00,연신내역,연신내역,POI043,KEY_2,한산한,7,50000,60000,50.0,50.0,0.0,0.0,50.0,35.2,9.3,5.6,100.0,0.0,20260825 0530
2026-08-25T05:43:01.634217+09:00,오목교역·목동운동장,오목교역·목동운동장,POI044,KEY_3,한산한,5,20000,30000,62.5,37.5,0.0,0.0,0.0,4.2,0.0,95.8,100.0,0.0,20260825 0300
2026-08-25T05:43:01.634217+09:00,왕십리역,왕십리역,POI045,KEY_4,한산한,4,20000,30000,100.0,0.0,32.1,0.0,35.7,32.1,0.0,0.0,100.0,0.0,20260825 0500
2026-08-25T05:43:01.634217+09:00,용산역,용산역,POI046,KEY_1,한산한,4,70000,80000,100.0,0.0,0.0,0.0,23.5,0.0,76.5,0.0,22.1,77.9,20260825 0250
2026-08-25T05:43:01.634217+09:00,이태원역,이태원역,POI047,KEY_2,한산한,4,40000,50000,67.4,32.6,0.0,71.7,21.7,6.5,0.0,0.0,100.0,0.0,20260825 0340
2026-08-25T05:43:01.634217+09:00,잠실새내역,잠실새내역,POI118,KEY_3,한산한,4,20000,30000,42.9,57.1,0.0,0.0,42.9,9.5,0.0,47.6,100.0,0.0,20260825 0510
2026-08-25T05:43:01.634217+09:00,잠실역,잠실역,POI119,KEY_4,한산한,4,10000,20000,88.2,11.8,0.0,11.8,35.3,0.0,35.3,17.6,100.0,0.0,20260825 0520
2026-08-25T05:43:01.634217+09:00,장지역,장지역,POI048,KEY_1,한산한,7,30000,40000,83.3,16.7,0.0,30.6,25.0,44.4,0.0,0.0,100.0,0.0,20260825 0000
2026-08-25T05:43:01.634217+09:00,장한평역,장한평역,POI049,KEY_2,한산한,4,20000,30000,100.0,0.0,0.0,0.0,56.3,43.8,0.0,0.0,76.2,23.8,20260825 0210
2026-08-25T05:43:01.634217+09:00,천호역,천호역,POI050,KEY_3,한산한,4,30000,40000,100.0,0.0,0.0,61.5,0.0,38.5,0.0,0.0,100.0,0.0,20260825 0530
2026-08-25T05:43:01.634217+09:00,총신대입구(이수)역,총신대입구(이수)역,POI051,KEY_4,한산한,5,20000,30000,79.2,20.8,0.0,29.2,45.8,4.2,20.8,0.0,100.0,0.0,20260825 0240
2026-08-25T05:43:01.634217+09:00,충정로역,충정로역,POI052,KEY_1,한산한,5,20000,30000,90.0,10.0,0.0,0.0,50.0,0.0,50.0,0.0,55.0,45.0,20260824 2350
2026-08-25T05:43:01.634217+09:00,합정역,합정역,POI053,KEY_2,한산한,4,40000,50000,100.0,0.0,0.0,0.0,34.1,19.5,0.0,46.3,100.0,0.0,20260825 0520
2026-08-25T05:43:01.634217+09:00,혜화역,혜화역,POI054,KEY_3,한산한,4,300000,350000,73.5,26.5,0.0,73.5,0.0,23.9,2.6,0.0,100.0,0.0,20260825 0100
2026-08-25T05:43:01.634217+09:00,홍대입구역(2호선),홍대입구역(2호선),POI055,KEY_4,한산한,4,200000,250000,48.8,51.2,0.0,48.8,0.0,51.2,0.0,0.0,100.0,0.0,20260825 0140
2026-08-25T05:43:01.634217+09:00,회기역,회기역,POI056,KEY_1,한산한,4,30000,40000,85.3,14.7,0.0,58.8,26.5,0.0,14.7,0.0,100.0,0.0,20260825 0440
2026-08-25T06:40:22.182810+09:00,광화문·덕수궁,광화문·덕수궁,POI009,KEY_2,한산한,7,40000,50000,100.0,0.0,0.0,12.2,31.7,26.8,9.8,19.5,100.0,0.0,20260825 0620
2026-08-25T06:40:22.182810+09:00,보신각,보신각,POI010,KEY_3,한산한,4,20000,30000,94.7,5.3,0.0,0.0,0.0,5.3,73.7,21.1,100.0,0.0,20260825 0520
2026-08-25T06:40:22.182810+09:00,강남 MICE 관광특구,강남 MICE 관광특구,POI001,KEY_2,한산한,5,20000,30000,100.0,0.0,0.0,0.0,0.0,0.0,7.7,92.3,100.0,0.0,20260825 0620
2026-08-25T06:40:22.182810+09:00,동대문 관광특구,동대문 관광특구,POI002,KEY_3,한산한,5,20000,30000,42.3,57.7,0.0,11.5,46.2,26.9,0.0,15.4,100.0,0.0,20260825 0620
2026-08-25T06:40:22.182810+09:00,명동 관광특구,명동 관광특구,POI003,KEY_4,한산한,25,100000,150000,75.8,24.2,0.0,14.8,14.1,44.3,16.1,10.7,100.0,0.0,20260825 0620
2026-08-25T06:40:22.182810+09:00,이태원 관광특구,이태원 관광특구,POI004,KEY_1,한산한,4,20000,30000,100.0,0.0,0.0,0.0,0.0,0.0,100.0,0.0,100.0,0.0,20260825 0610
2026-08-25T06:40:22.182810+09:00,잠실 관광특구,잠실 관광특구,POI005,KEY_2,한산한,9,50000,60000,76.9,23.1,0.0,7.7,15.4,26.9,34.6,15.4,100.0,0.0,20260825 0620
2026-08-25T06:40:22.182810+09:00,종로·청계 관광특구,종로·청계 관광특구,POI006,KEY_3,한산한,7,70000,80000,82.5,17.5,0.0,13.8,3.8,2.5,80.0,0.0,100.0,0.0,20260825 0620
2026-08-25T06:40:22.182810+09:00,홍대 관광특구,홍대 관광특구,POI007,KEY_4,한산한,10,70000,80000,30.0,70.0,0.0,18.3,13.3,43.3,25.0,0.0,80.0,20.0,20260825 0620
2026-08-25T06:40:22.182810+09:00,가락시장,가락시장,POI058,KEY_2,한산한,11,250000,300000,59.7,40.3,0.0,0.0,1.9,52.8,9.4,35.9,100.0,0.0,20260825 0530
2026-08-25T06:40:22.182810+09:00,가로수길,가로수길,POI059,KEY_3,한산한,5,40000,50000,17.5,82.5,0.0,0.0,82.5,0.0,0.0,17.5,100.0,0.0,20260825 0620
2026-08-25T06:40:22.182810+09:00,광장(전통)시장,광장(전통)시장,POI060,KEY_4,한산한,8,300000,350000,0.0,100.0,0.0,0.0,0.0,100.0,0.0,0.0,100.0,0.0,20260824 2120
2026-08-25T06:40:22.182810+09:00,김포공항,김포공항,POI061,KEY_1,한산한,7,30000,40000,70.6,29.4,0.0,0.0,17.6,11.8,70.6,0.0,100.0,0.0,20260824 2130
2026-08-25T06:40:22.182810+09:00,남대문시장,남대문시장,POI115,KEY_2,한산한,5,20000,30000,88.9,11.1,0.0,11.1,11.1,22.2,55.6,0.0,45.0,55.0,20260825 0100
2026-08-25T06:40:22.182810+09:00,노량진,노량진,POI063,KEY_3,한산한,13,90000,100000,78.5,21.5,0.0,34.4,39.8,0.0,15.1,10.8,100.0,0.0,20260825 0620
2026-08-25T06:40:22.182810+09:00,덕수궁길·정동길,덕수궁길·정동길,POI064,KEY_4,한산한,5,20000,30000,100.0,0.0,0.0,21.7,0.0,52.2,26.1,0.0,100.0,0.0,20260824 2210
2026-08-25T06:40:22.182810+09:00,북창동 먹자골목,북창동 먹자골목,POI114,KEY_1,한산한,7,20000,30000,72.2,27.8,0.0,5.6,55.6,11.1,27.8,0.0,62.1,37.9,20260825 0100
2026-08-25T06:40:22.182810+09:00,북촌한옥마을,북촌한옥마을,POI066,KEY_2,한산한,4,10000,20000,60.0,40.0,0.0,0.0,0.0,20.0,80.0,0.0,62.5,37.5,20260824 2300
2026-08-25T06:40:22.182810+09:00,서촌,서촌,POI067,KEY_3,한산한,5,20000,30000,88.9,11.1,0.0,3.7,11.1,51.9,18.5,14.8,100.0,0.0,20260824 2340
2026-08-25T06:40:22.182810+09:00,성수카페거리,성수카페거리,POI068,KEY_4,한산한,7,50000,60000,58.8,41.2,0.0,5.9,0.0,32.4,14.7,47.1,63.5,36.5,20260825 0620
2026-08-25T06:40:22.182810+09:00,송리단길·호수단길,송리단길·호수단길,POI121,KEY_1,한산한,4,10000,20000,84.6,15.4,0.0,0.0,15.4,38.5,15.4,30.8,100.0,0.0,20260825 0600
2026-08-25T06:40:22.182810+09:00,신촌 스타광장,신촌 스타광장,POI122,KEY_2,한산한,5,20000,30000,48.0,52.0,0.0,32.0,40.0,16.0,12.0,0.0,100.0,0.0,20260824 2350
2026-08-25T06:40:22.182810+09:00,압구정로데오거리,압구정로데오거리,POI071,KEY_3,한산한,5,30000,40000,64.7,35.3,0.0,35.3,35.3,14.7,14.7,0.0,100.0,0.0,20260825 0250
2026-08-25T06:40:22.182810+09:00,여의도,여의도,POI072,KEY_4,한산한,22,100000,150000,80.1,19.9,0.0,0.0,15.6,6.4,58.2,19.9,97.9,2.1,20260825 0620
2026-08-25T06:40:22.182810+09:00,연남동,연남동,POI073,KEY_1,한산한,4,10000,20000,46.2,53.8,0.0,15.4,0.0,23.1,61.5,0.0,100.0,0.0,20260825 0350
2026-08-25T06:40:22.182810+09:00,영등포 타임스퀘어,영등포 타임스퀘어,POI074,KEY_2,한산한,7,20000,30000,74.1,25.9,18.5,0.0,7.4,7.4,40.7,25.9,100.0,0.0,20260825 0620
2026-08-25T06:40:22.182810+09:00,용리단길,용리단길,POI076,KEY_3,한산한,5,200000,250000,56.1,43.9,0.0,28.5,19.2,36.8,15.5,0.0,100.0,0.0,20260824 2340
2026-08-25T06:40:22.182810+09:00,이태원 앤틱가구거리,이태원 앤틱가구거리,POI077,KEY_4,한산한,4,0,10000,50.0,50.0,0.0,100.0,0.0,0.0,0.0,0.0,100.0,0.0,20260825 0230
2026-08-25T06:40:22.182810+09:00,익선동,익선동,POI116,KEY_1,한산한,6,60000,70000,100.0,0.0,0.0,16.4,83.6,0.0,0.0,0.0,100.0,0.0,20260825 0140
2026-08-25T06:40:22.182810+09:00,인사동,인사동,POI078,KEY_2,한산한,6,40000,50000,84.1,15.9,0.0,50.0,0.0,0.0,50.0,0.0,100.0,0.0,20260824 2300
2026-08-25T06:40:22.182810+09:00,잠실롯데타워·석촌호수,잠실롯데타워·석촌호수,POI120,KEY_3,한산한,9,50000,60000,76.9,23.1,0.0,7.7,15.4,26.9,34.6,15.4,100.0,0.0,20260825 0620
2026-08-25T06:40:22.182810+09:00,창동 신경제 중심지,창동 신경제 중심지,POI079,KEY_4,한산한,7,50000,60000,84.2,15.8,0.0,15.8,31.6,7.0,26.3,19.3,100.0,0.0,20260825 0620
2026-08-25T06:40:22.182810+09:00,청담동 명품거리,청담동 명품거리,POI080,KEY_1,한산한,5,30000,40000,64.7,35.3,0.0,35.3,35.3,14.7,14.7,0.0,100.0,0.0,20260825 0250
2026-08-25T06:40:22.182810+09:00,청량리 제기동 일대 전통시장,청량리 제기동 일대 전통시장,POI081,KEY_2,한산한,6,20000,30000,57.1,42.9,0.0,25.0,32.1,0.0,10.7,32.1,100.0,0.0,20260824 2350
2026-08-25T06:40:22.182810+09:00,해방촌·경리단길,해방촌·경리단길,POI082,KEY_3,한산한,4,20000,30000,77.3,22.7,0.0,0.0,0.0,86.4,0.0,13.6,100.0,0.0,20260825 0610
2026-08-25T06:40:22.182810+09:00,DDP(동대문디자인플라자),DDP(동대문디자인플라자),POI083,KEY_4,분주한,4,250000,300000,25.2,74.8,0.0,74.8,0.0,0.0,25.2,0.0,100.0,0.0,20260824 2230
2026-08-25T06:40:22.182810+09:00,DMC(디지털미디어시티),DMC(디지털미디어시티),POI084,KEY_1,한산한,4,30000,40000,100.0,0.0,0.0,0.0,56.4,0.0,43.6,0.0,100.0,0.0,20260825 0620
2026-08-25T06:40:22.182810+09:00,가산디지털단지역,가산디지털단지역,POI013,KEY_2,한산한,5,20000,30000,65.5,34.5,0.0,0.0,44.8,0.0,0.0,55.2,100.0,0.0,20260825 0620
2026-08-25T06:40:22.182810+09:00,강남역,강남역,POI014,KEY_3,한산한,13,50000,60000,70.2,29.8,0.0,3.5,10.5,8.8,59.6,17.5,100.0,0.0,20260825 0620
2026-08-25T06:40:22.182810+09:00,건대입구역,건대입구역,POI015,KEY_4,한산한,6,30000,40000,86.7,13.3,0.0,13.3,20.0,0.0,53.3,13.3,100.0,0.0,20260825 0620
2026-08-25T06:40:22.182810+09:00,고덕역,고덕역,POI016,KEY_1,한산한,4,20000,30000,90.0,10.0,0.0,10.0,0.0,60.0,30.0,0.0,100.0,0.0,20260825 0610
2026-08-25T06:40:22.182810+09:00,고속터미널역,고속터미널역,POI017,KEY_2,한산한,16,50000,60000,80.0,20.0,0.0,20.0,30.0,10.0,33.3,6.7,100.0,0.0,20260825 0620
2026-08-25T06:40:22.182810+09:00,교대역,교대역,POI018,KEY_3,한산한,6,600000,650000,89.4,10.6,0.0,0.0,80.5,0.0,14.6,4.9,19.7,80.3,20260825 0200
2026-08-25T06:40:22.182810+09:00,구로디지털단지역,구로디지털단지역,POI019,KEY_4,한산한,5,50000,60000,75.0,25.0,0.0,0.0,75.0,25.0,0.0,0.0,41.2,58.8,20260825 0410
2026-08-25T06:40:22.182810+09:00,구로역,구로역,POI020,KEY_1,한산한,5,40000,50000,89.4,10.6,0.0,0.0,48.9,12.8,19.1,19.1,100.0,0.0,20260825 0600
2026-08-25T06:40:22.182810+09:00,군자역,군자역,POI021,KEY_2,한산한,4,20000,30000,100.0,0.0,0.0,0.0,13.8,86.2,0.0,0.0,100.0,0.0,20260825 0620
2026-08-25T06:40:22.182810+09:00,대림역,대림역,POI023,KEY_3,한산한,4,20000,30000,100.0,0.0,0.0,0.0,15.4,69.2,15.4,0.0,100.0,0.0,20260825 0540
2026-08-25T06:40:22.182810+09:00,동대문역,동대문역,POI024,KEY_4,한산한,4,30000,40000,100.0,0.0,0.0,0.0,30.0,70.0,0.0,0.0,100.0,0.0,20260825 0430
2026-08-25T06:40:22.182810+09:00,뚝섬역,뚝섬역,POI025,KEY_1,한산한,4,10000,20000,100.0,0.0,0.0,0.0,0.0,64.7,35.3,0.0,100.0,0.0,20260825 0500
2026-08-25T06:40:22.182810+09:00,미아사거리역,미아사거리역,POI026,KEY_2,한산한,6,30000,40000,82.8,17.2,0.0,10.3,6.9,31.0,51.7,0.0,100.0,0.0,20260825 0600
2026-08-25T06:40:22.182810+09:00,발산역,발산역,POI027,KEY_3,한산한,4,10000,20000,36.8,63.2,0.0,73.7,15.8,0.0,10.5,0.0,100.0,0.0,20260825 0620
2026-08-25T06:40:22.182810+09:00,사당역,사당역,POI029,KEY_4,한산한,4,30000,40000,87.9,12.1,0.0,0.0,45.5,0.0,54.5,0.0,100.0,0.0,20260825 0620
2026-08-25T06:40:22.182810+09:00,서울대입구역,서울대입구역,POI031,KEY_2,한산한,5,30000,40000,61.1,38.9,0.0,30.6,8.3,8.3,13.9,38.9,100.0,0.0,20260825 0620
2026-08-25T06:40:22.182810+09:00,서울식물원·마곡나루역,서울식물원·마곡나루역,POI032,KEY_3,한산한,4,30000,40000,86.2,13.8,0.0,6.9,72.4,6.9,0.0,13.8,100.0,0.0,20260825 0120
2026-08-25T06:40:22.182810+09:00,서울역,서울역,POI033,KEY_4,한산한,4,70000,80000,52.1,47.9,0.0,0.0,0.0,0.0,93.2,6.8,100.0,0.0,20260824 2210
2026-08-25T06:40:22.182810+09:00,선릉역,선릉역,POI034,KEY_1,한산한,14,70000,80000,65.6,34.4,0.0,3.1,29.7,7.8,59.4,0.0,82.9,17.1,20260825 0620
2026-08-25T06:40:22.182810+09:00,성신여대입구역,성신여대입구역,POI035,KEY_2,한산한,4,200000,250000,76.6,23.4,0.0,87.2,12.8,0.0,0.0,0.0,100.0,0.0,20260825 0220
2026-08-25T06:40:22.182810+09:00,수유역,수유역,POI036,KEY_3,한산한,5,40000,50000,86.7,13.3,0.0,0.0,28.9,8.9,62.2,0.0,100.0,0.0,20260825 0620
2026-08-25T06:40:22.182810+09:00,신논현역·논현역,신논현역·논현역,POI037,KEY_2,한산한,4,350000,400000,64.9,35.1,0.0,0.0,71.5,0.0,0.0,28.5,100.0,0.0,20260825 0510
2026-08-25T06:40:22.182810+09:00,신도림역,신도림역,POI038,KEY_3,한산한,5,10000,20000,7.7,92.3,0.0,53.8,0.0,0.0,46.2,0.0,100.0,0.0,20260824 2220
2026-08-25T06:40:22.182810+09:00,신림역,신림역,POI039,KEY_4,한산한,13,80000,90000,67.0,33.0,0.0,14.8,35.2,30.7,19.3,0.0,100.0,0.0,20260825 0620
2026-08-25T06:40:22.182810+09:00,신정네거리역,신정네거리역,POI117,KEY_1,한산한,4,20000,30000,48.0,52.0,0.0,52.0,28.0,20.0,0.0,0.0,100.0,0.0,20260824 2340
2026-08-25T06:40:22.182810+09:00,신촌·이대역,신촌·이대역,POI040,KEY_2,한산한,7,30000,40000,31.6,68.4,0.0,0.0,13.2,0.0,73.7,13.2,100.0,0.0,20260825 0620
2026-08-25T06:40:22.182810+09:00,쌍문역,쌍문역,POI070,KEY_3,한산한,5,20000,30000,100.0,0.0,0.0,13.0,0.0,47.8,39.1,0.0,100.0,0.0,20260825 0600
2026-08-25T06:40:22.182810+09:00,양재역,양재역,POI041,KEY_4,한산한,4,20000,30000,58.6,41.4,0.0,0.0,82.8,0.0,0.0,17.2,100.0,0.0,20260824 2340
2026-08-25T06:40:22.182810+09:00,역삼역,역삼역,POI042,KEY_1,한산한,7,30000,40000,84.2,15.8,0.0,5.3,18.4,34.2,42.1,0.0,100.0,0.0,20260825 0620
2026-08-25T06:40:22.182810+09:00,연신내역,연신내역,POI043,KEY_2,한산한,4,30000,40000,22.5,77.5,0.0,10.0,67.5,0.0,0.0,22.5,100.0,0.0,20260825 0620
2026-08-25T06:40:22.182810+09:00,오목교역·목동운동장,오목교역·목동운동장,POI044,KEY_3,한산한,7,20000,30000,70.0,30.0,0.0,30.0,0.0,10.0,30.0,30.0,100.0,0.0,20260825 0550
2026-08-25T06:40:22.182810+09:00,왕십리역,왕십리역,POI045,KEY_4,한산한,4,20000,30000,100.0,0.0,32.1,0.0,35.7,32.1,0.0,0.0,100.0,0.0,20260825 0500
2026-08-25T06:40:22.182810+09:00,용산역,용산역,POI046,KEY_1,한산한,12,100000,150000,56.4,43.6,0.0,10.5,0.0,18.8,47.4,23.3,98.5,1.5,20260825 0620
2026-08-25T06:40:22.182810+09:00,이태원역,이태원역,POI047,KEY_2,한산한,4,40000,50000,100.0,0.0,0.0,0.0,43.4,0.0,35.8,20.8,93.0,7.0,20260825 0340
2026-08-25T06:40:22.182810+09:00,잠실새내역,잠실새내역,POI118,KEY_3,한산한,4,20000,30000,42.9,57.1,0.0,0.0,42.9,9.5,0.0,47.6,100.0,0.0,20260825 0510
2026-08-25T06:40:22.182810+09:00,잠실역,잠실역,POI119,KEY_4,한산한,5,30000,40000,46.4,53.6,0.0,0.0,7.1,32.1,0.0,60.7,84.8,15.2,20260825 0620
2026-08-25T06:40:22.182810+09:00,장지역,장지역,POI048,KEY_1,한산한,4,10000,20000,100.0,0.0,0.0,0.0,0.0,11.1,88.9,0.0,100.0,0.0,20260825 0610
2026-08-25T06:40:22.182810+09:00,장한평역,장한평역,POI049,KEY_2,한산한,5,20000,30000,79.4,20.6,0.0,0.0,25.0,33.8,0.0,41.2,100.0,0.0,20260825 0610
2026-08-25T06:40:22.182810+09:00,천호역,천호역,POI050,KEY_3,한산한,6,20000,30000,85.7,14.3,0.0,32.1,14.3,46.4,7.1,0.0,100.0,0.0,20260825 0620
2026-08-25T06:40:22.182810+09:00,총신대입구(이수)역,총신대입구(이수)역,POI051,KEY_4,한산한,10,60000,70000,100.0,0.0,0.0,26.6,21.9,28.1,6.3,17.2,100.0,0.0,20260825 0630
2026-08-25T06:40:22.182810+09:00,충정로역,충정로역,POI052,KEY_1,한산한,5,20000,30000,90.0,10.0,0.0,0.0,50.0,0.0,50.0,0.0,55.0,45.0,20260824 2350
2026-08-25T06:40:22.182810+09:00,합정역,합정역,POI053,KEY_2,한산한,4,30000,40000,86.7,13.3,0.0,13.3,53.3,30.0,0.0,3.3,100.0,0.0,20260825 0630
2026-08-25T06:40:22.182810+09:00,혜화역,혜화역,POI054,KEY_3,한산한,4,40000,50000,100.0,0.0,0.0,35.6,22.2,15.6,0.0,26.7,100.0,0.0,20260825 0600
2026-08-25T06:40:22.182810+09:00,홍대입구역(2호선),홍대입구역(2호선),POI055,KEY_4,한산한,4,20000,30000,87.5,12.5,0.0,12.5,0.0,25.0,62.5,0.0,64.0,36.0,20260825 0620
2026-08-25T06:40:22.182810+09:00,회기역,회기역,POI056,KEY_1,한산한,5,30000,40000,87.5,12.5,0.0,0.0,0.0,53.1,34.4,12.5,100.0,0.0,20260825 0630
2026-08-25T07:38:47.500363+09:00,광화문·덕수궁,광화문·덕수궁,POI009,KEY_2,한산한,36,150000,200000,53.1,46.9,0.0,10.2,23.1,31.3,19.0,16.3,93.1,6.9,20260825 0720
2026-08-25T07:38:47.500363+09:00,보신각,보신각,POI010,KEY_3,한산한,6,50000,60000,78.3,21.7,0.0,21.7,17.4,60.9,0.0,0.0,39.0,61.0,20260825 0720
2026-08-25T07:38:47.500363+09:00,강남 MICE 관광특구,강남 MICE 관광특구,POI001,KEY_2,한산한,7,20000,30000,100.0,0.0,0.0,0.0,21.7,0.0,52.2,26.1,100.0,0.0,20260825 0720
2026-08-25T07:38:47.500363+09:00,동대문 관광특구,동대문 관광특구,POI002,KEY_3,한산한,10,40000,50000,86.7,13.3,0.0,0.0,28.9,17.8,28.9,24.4,100.0,0.0,20260825 0720
2026-08-25T07:38:47.500363+09:00,명동 관광특구,명동 관광특구,POI003,KEY_4,보통,223,2000000,2100000,64.2,35.8,0.9,6.3,22.3,29.4,24.0,17.1,60.8,39.2,20260825 0720
2026-08-25T07:38:47.500363+09:00,이태원 관광특구,이태원 관광특구,POI004,KEY_1,한산한,7,50000,60000,53.8,46.2,0.0,15.4,84.6,0.0,0.0,0.0,51.0,49.0,20260825 0720
2026-08-25T07:38:47.500363+09:00,잠실 관광특구,잠실 관광특구,POI005,KEY_2,한산한,14,150000,200000,74.1,25.9,0.0,21.1,40.1,21.8,10.2,6.8,92.5,7.5,20260825 0720
2026-08-25T07:38:47.500363+09:00,종로·청계 관광특구,종로·청계 관광특구,POI006,KEY_3,한산한,26,150000,200000,77.2,22.8,0.0,5.7,8.1,29.3,29.3,27.6,69.9,30.1,20260825 0720
2026-08-25T07:38:47.500363+09:00,홍대 관광특구,홍대 관광특구,POI007,KEY_4,한산한,21,80000,90000,66.7,33.3,1.3,0.0,29.3,32.0,25.3,12.0,90.5,9.5,20260825 0720
2026-08-25T07:38:47.500363+09:00,가락시장,가락시장,POI058,KEY_2,한산한,5,30000,40000,100.0,0.0,0.0,0.0,35.3,23.5,41.2,0.0,100.0,0.0,20260825 0710
2026-08-25T07:38:47.500363+09:00,가로수길,가로수길,POI059,KEY_3,한산한,5,30000,40000,46.2,53.8,0.0,53.8,0.0,15.4,30.8,0.0,81.3,18.8,20260825 0720
2026-08-25T07:38:47.500363+09:00,광장(전통)시장,광장(전통)시장,POI060,KEY_4,한산한,5,20000,30000,100.0,0.0,0.0,0.0,20.0,80.0,0.0,0.0,100.0,0.0,20260825 0720
2026-08-25T07:38:47.500363+09:00,김포공항,김포공항,POI061,KEY_1,분주한,13,800000,850000,58.3,41.7,0.0,31.2,8.7,29.4,30.0,0.7,52.8,47.2,20260825 0720
2026-08-25T07:38:47.500363+09:00,남대문시장,남대문시장,POI115,KEY_2,한산한,7,20000,30000,64.3,35.7,0.0,0.0,0.0,64.3,14.3,21.4,100.0,0.0,20260825 0720
2026-08-25T07:38:47.500363+09:00,노량진,노량진,POI063,KEY_3,한산한,23,100000,150000,67.3,32.7,0.0,19.2,26.0,19.2,28.8,6.7,91.2,8.8,20260825 0720
2026-08-25T07:38:47.500363+09:00,덕수궁길·정동길,덕수궁길·정동길,POI064,KEY_4,한산한,4,10000,20000,18.2,81.8,0.0,36.4,45.5,0.0,0.0,18.2,91.7,8.3,20260825 0720
2026-08-25T07:38:47.500363+09:00,북창동 먹자골목,북창동 먹자골목,POI114,KEY_1,한산한,4,10000,20000,81.8,18.2,0.0,0.0,18.2,18.2,0.0,63.6,100.0,0.0,20260825 0700
2026-08-25T07:38:47.500363+09:00,북촌한옥마을,북촌한옥마을,POI066,KEY_2,한산한,10,50000,60000,85.5,14.5,0.0,0.0,41.8,7.3,10.9,40.0,100.0,0.0,20260825 0720
2026-08-25T07:38:47.500363+09:00,서촌,서촌,POI067,KEY_3,한산한,7,30000,40000,96.4,3.6,3.6,0.0,21.4,42.9,0.0,32.1,93.3,6.7,20260825 0710
2026-08-25T07:38:47.500363+09:00,성수카페거리,성수카페거리,POI068,KEY_4,한산한,6,70000,80000,28.8,71.2,0.0,0.0,9.1,6.1,81.8,3.0,94.3,5.7,20260825 0720
2026-08-25T07:38:47.500363+09:00,송리단길·호수단길,송리단길·호수단길,POI121,KEY_1,한산한,4,10000,20000,75.0,25.0,0.0,0.0,62.5,0.0,37.5,0.0,100.0,0.0,20260825 0720
2026-08-25T07:38:47.500363+09:00,신촌 스타광장,신촌 스타광장,POI122,KEY_2,한산한,4,30000,40000,22.6,77.4,0.0,35.5,0.0,0.0,64.5,0.0,100.0,0.0,20260825 0700
2026-08-25T07:38:47.500363+09:00,압구정로데오거리,압구정로데오거리,POI071,KEY_3,한산한,5,40000,50000,90.2,9.8,0.0,24.4,0.0,48.8,26.8,0.0,100.0,0.0,20260825 0720
2026-08-25T07:38:47.500363+09:00,여의도,여의도,POI072,KEY_4,보통,92,2300000,2400000,52.8,47.2,0.0,2.2,3.2,29.8,47.0,17.8,95.1,4.9,20260825 0720
2026-08-25T07:38:47.500363+09:00,연남동,연남동,POI073,KEY_1,한산한,4,100000,150000,100.0,0.0,0.0,19.0,7.8,2.6,70.7,0.0,100.0,0.0,20260825 0710
2026-08-25T07:38:47.500363+09:00,영등포 타임스퀘어,영등포 타임스퀘어,POI074,KEY_2,한산한,19,90000,100000,64.4,35.6,2.2,5.6,18.9,50.0,3.3,20.0,100.0,0.0,20260825 0720
2026-08-25T07:38:47.500363+09:00,용리단길,용리단길,POI076,KEY_3,한산한,5,200000,250000,56.1,43.9,0.0,28.5,19.2,36.8,15.5,0.0,100.0,0.0,20260824 2340
2026-08-25T07:38:47.500363+09:00,이태원 앤틱가구거리,이태원 앤틱가구거리,POI077,KEY_4,한산한,4,40000,50000,20.0,80.0,0.0,13.3,86.7,0.0,0.0,0.0,38.5,61.5,20260825 0720
2026-08-25T07:38:47.500363+09:00,익선동,익선동,POI116,KEY_1,한산한,8,40000,50000,85.7,14.3,0.0,0.0,16.7,9.5,45.2,28.6,100.0,0.0,20260825 0720
2026-08-25T07:38:47.500363+09:00,인사동,인사동,POI078,KEY_2,한산한,13,100000,150000,74.7,25.3,0.0,3.4,29.9,9.2,17.2,40.2,71.2,28.8,20260825 0720
2026-08-25T07:38:47.500363+09:00,잠실롯데타워·석촌호수,잠실롯데타워·석촌호수,POI120,KEY_3,한산한,14,150000,200000,74.1,25.9,0.0,21.1,40.1,21.8,10.2,6.8,92.5,7.5,20260825 0720
2026-08-25T07:38:47.500363+09:00,창동 신경제 중심지,창동 신경제 중심지,POI079,KEY_4,한산한,14,100000,150000,74.8,25.2,0.0,6.5,15.9,20.6,1.9,55.1,100.0,0.0,20260825 0720
2026-08-25T07:38:47.500363+09:00,청담동 명품거리,청담동 명품거리,POI080,KEY_1,한산한,4,50000,60000,21.4,78.6,0.0,0.0,0.0,78.6,0.0,21.4,100.0,0.0,20260825 0710
2026-08-25T07:38:47.500363+09:00,청량리 제기동 일대 전통시장,청량리 제기동 일대 전통시장,POI081,KEY_2,한산한,6,20000,30000,57.1,42.9,0.0,25.0,32.1,0.0,10.7,32.1,100.0,0.0,20260824 2350
2026-08-25T07:38:47.500363+09:00,해방촌·경리단길,해방촌·경리단길,POI082,KEY_3,한산한,4,20000,30000,77.3,22.7,0.0,0.0,0.0,86.4,0.0,13.6,100.0,0.0,20260825 0610
2026-08-25T07:38:47.500363+09:00,DDP(동대문디자인플라자),DDP(동대문디자인플라자),POI083,KEY_4,분주한,4,250000,300000,25.2,74.8,0.0,74.8,0.0,0.0,25.2,0.0,100.0,0.0,20260824 2230
2026-08-25T07:38:47.500363+09:00,DMC(디지털미디어시티),DMC(디지털미디어시티),POI084,KEY_1,한산한,17,90000,100000,76.5,23.5,0.0,12.9,17.6,43.5,16.5,9.4,90.6,9.4,20260825 0720
2026-08-25T07:38:47.500363+09:00,가산디지털단지역,가산디지털단지역,POI013,KEY_2,한산한,34,100000,150000,74.3,25.7,0.0,13.2,19.9,41.2,12.5,13.2,90.7,9.3,20260825 0720
2026-08-25T07:38:47.500363+09:00,강남역,강남역,POI014,KEY_3,한산한,37,200000,250000,74.7,25.3,1.6,4.2,19.5,35.3,25.3,14.2,88.4,11.6,20260825 0720
2026-08-25T07:38:47.500363+09:00,건대입구역,건대입구역,POI015,KEY_4,한산한,10,70000,80000,73.2,26.8,0.0,14.1,0.0,12.7,73.2,0.0,100.0,0.0,20260825 0720
2026-08-25T07:38:47.500363+09:00,고덕역,고덕역,POI016,KEY_1,한산한,4,20000,30000,90.0,10.0,0.0,10.0,0.0,60.0,30.0,0.0,100.0,0.0,20260825 0610
2026-08-25T07:38:47.500363+09:00,고속터미널역,고속터미널역,POI017,KEY_2,한산한,23,100000,150000,47.4,52.6,7.0,28.9,19.3,11.4,25.4,7.9,97.5,2.5,20260825 0720
2026-08-25T07:38:47.500363+09:00,교대역,교대역,POI018,KEY_3,한산한,11,150000,200000,77.5,22.5,0.0,19.1,6.4,13.9,58.4,2.3,100.0,0.0,20260825 0720
2026-08-25T07:38:47.500363+09:00,구로디지털단지역,구로디지털단지역,POI019,KEY_4,한산한,20,100000,150000,54.8,45.2,0.0,13.7,24.7,30.1,28.8,2.7,69.5,30.5,20260825 0720
2026-08-25T07:38:47.500363+09:00,구로역,구로역,POI020,KEY_1,한산한,4,30000,40000,100.0,0.0,0.0,0.0,22.7,18.2,45.5,13.6,100.0,0.0,20260825 0650
2026-08-25T07:38:47.500363+09:00,군자역,군자역,POI021,KEY_2,한산한,7,30000,40000,74.3,25.7,0.0,22.9,0.0,22.9,45.7,8.6,100.0,0.0,20260825 0700
2026-08-25T07:38:47.500363+09:00,대림역,대림역,POI023,KEY_3,한산한,8,30000,40000,62.2,37.8,0.0,10.8,5.4,13.5,59.5,10.8,100.0,0.0,20260825 0720
2026-08-25T07:38:47.500363+09:00,동대문역,동대문역,POI024,KEY_4,한산한,4,10000,20000,40.0,60.0,0.0,0.0,70.0,30.0,0.0,0.0,100.0,0.0,20260825 0710
2026-08-25T07:38:47.500363+09:00,뚝섬역,뚝섬역,POI025,KEY_1,한산한,6,40000,50000,56.5,43.5,0.0,0.0,0.0,19.6,13.0,67.4,100.0,0.0,20260825 0720
2026-08-25T07:38:47.500363+09:00,미아사거리역,미아사거리역,POI026,KEY_2,한산한,5,30000,40000,90.0,10.0,0.0,63.3,3.3,20.0,0.0,13.3,100.0,0.0,20260825 0720
2026-08-25T07:38:47.500363+09:00,발산역,발산역,POI027,KEY_3,한산한,11,70000,80000,78.8,21.2,0.0,6.1,7.6,57.6,28.8,0.0,94.3,5.7,20260825 0720
2026-08-25T07:38:47.500363+09:00,사당역,사당역,POI029,KEY_4,한산한,8,60000,70000,100.0,0.0,0.0,34.6,23.1,38.5,3.8,0.0,89.8,10.2,20260825 0720
2026-08-25T07:38:47.500363+09:00,서울대입구역,서울대입구역,POI031,KEY_2,한산한,4,10000,20000,100.0,0.0,0.0,0.0,41.2,0.0,11.8,47.1,88.9,11.1,20260825 0720
2026-08-25T07:38:47.500363+09:00,서울식물원·마곡나루역,서울식물원·마곡나루역,POI032,KEY_3,한산한,21,80000,90000,65.0,35.0,0.0,13.8,36.3,18.8,31.3,0.0,95.3,4.7,20260825 0720
2026-08-25T07:38:47.500363+09:00,서울역,서울역,POI033,KEY_4,한산한,10,50000,60000,87.5,12.5,0.0,0.0,25.0,54.2,20.8,0.0,49.0,51.0,20260825 0720
2026-08-25T07:38:47.500363+09:00,선릉역,선릉역,POI034,KEY_1,보통,34,1800000,1900000,75.0,25.0,0.0,15.7,4.3,8.4,40.9,30.7,100.0,0.0,20260825 0720
2026-08-25T07:38:47.500363+09:00,성신여대입구역,성신여대입구역,POI035,KEY_2,한산한,4,20000,30000,27.3,72.7,0.0,36.4,18.2,36.4,9.1,0.0,100.0,0.0,20260825 0700
2026-08-25T07:38:47.500363+09:00,수유역,수유역,POI036,KEY_3,한산한,10,40000,50000,61.7,38.3,0.0,8.5,12.8,8.5,66.0,4.3,100.0,0.0,20260825 0720
2026-08-25T07:38:47.500363+09:00,신논현역·논현역,신논현역·논현역,POI037,KEY_2,한산한,4,20000,30000,100.0,0.0,0.0,56.5,0.0,30.4,0.0,13.0,100.0,0.0,20260825 0720
2026-08-25T07:38:47.500363+09:00,신도림역,신도림역,POI038,KEY_3,한산한,8,40000,50000,48.7,51.3,0.0,0.0,20.5,46.2,5.1,28.2,100.0,0.0,20260825 0720
2026-08-25T07:38:47.500363+09:00,신림역,신림역,POI039,KEY_4,한산한,5,20000,30000,79.3,20.7,0.0,10.3,0.0,20.7,58.6,10.3,100.0,0.0,20260825 0720
2026-08-25T07:38:47.500363+09:00,신정네거리역,신정네거리역,POI117,KEY_1,한산한,4,20000,30000,48.0,52.0,0.0,52.0,28.0,20.0,0.0,0.0,100.0,0.0,20260824 2340
2026-08-25T07:38:47.500363+09:00,신촌·이대역,신촌·이대역,POI040,KEY_2,한산한,9,60000,70000,52.8,47.2,13.2,37.7,20.8,5.7,0.0,22.6,84.4,15.6,20260825 0720
2026-08-25T07:38:47.500363+09:00,쌍문역,쌍문역,POI070,KEY_3,한산한,6,60000,70000,84.8,15.2,0.0,4.5,74.2,10.6,0.0,10.6,100.0,0.0,20260825 0720
2026-08-25T07:38:47.500363+09:00,양재역,양재역,POI041,KEY_4,한산한,28,100000,150000,67.2,32.8,0.0,0.0,47.1,17.6,28.6,6.7,95.2,4.8,20260825 0720
2026-08-25T07:38:47.500363+09:00,역삼역,역삼역,POI042,KEY_1,한산한,33,250000,300000,69.2,30.8,0.0,3.0,39.1,21.1,15.0,21.8,100.0,0.0,20260825 0720
2026-08-25T07:38:47.500363+09:00,연신내역,연신내역,POI043,KEY_2,한산한,4,20000,30000,45.8,54.2,0.0,16.7,0.0,41.7,29.2,12.5,100.0,0.0,20260825 0720
2026-08-25T07:38:47.500363+09:00,오목교역·목동운동장,오목교역·목동운동장,POI044,KEY_3,한산한,10,40000,50000,57.6,42.4,0.0,0.0,18.2,27.3,18.2,36.4,78.6,21.4,20260825 0720
2026-08-25T07:38:47.500363+09:00,왕십리역,왕십리역,POI045,KEY_4,한산한,9,30000,40000,67.6,32.4,11.8,11.8,0.0,47.1,29.4,0.0,100.0,0.0,20260825 0720
2026-08-25T07:38:47.500363+09:00,용산역,용산역,POI046,KEY_1,한산한,20,100000,150000,53.3,46.7,0.0,28.9,16.7,25.6,18.9,10.0,79.3,20.7,20260825 0720
2026-08-25T07:38:47.500363+09:00,이태원역,이태원역,POI047,KEY_2,한산한,5,40000,50000,36.8,63.2,0.0,10.5,89.5,0.0,0.0,0.0,42.9,57.1,20260825 0720
2026-08-25T07:38:47.500363+09:00,잠실새내역,잠실새내역,POI118,KEY_3,한산한,4,30000,40000,86.7,13.3,0.0,13.3,0.0,0.0,0.0,86.7,100.0,0.0,20260825 0720
2026-08-25T07:38:47.500363+09:00,잠실역,잠실역,POI119,KEY_4,한산한,10,80000,90000,67.1,32.9,0.0,30.5,6.1,39.0,12.2,12.2,100.0,0.0,20260825 0720
2026-08-25T07:38:47.500363+09:00,장지역,장지역,POI048,KEY_1,한산한,6,40000,50000,86.4,13.6,0.0,0.0,13.6,11.4,75.0,0.0,100.0,0.0,20260825 0710
2026-08-25T07:38:47.500363+09:00,장한평역,장한평역,POI049,KEY_2,한산한,9,50000,60000,57.7,42.3,0.0,0.0,61.5,5.8,0.0,32.7,100.0,0.0,20260825 0720
2026-08-25T07:38:47.500363+09:00,천호역,천호역,POI050,KEY_3,한산한,4,20000,30000,100.0,0.0,0.0,10.5,0.0,0.0,0.0,89.5,67.9,32.1,20260825 0720
2026-08-25T07:38:47.500363+09:00,총신대입구(이수)역,총신대입구(이수)역,POI051,KEY_4,한산한,6,20000,30000,61.5,38.5,0.0,0.0,11.5,65.4,23.1,0.0,100.0,0.0,20260825 0720
2026-08-25T07:38:47.500363+09:00,충정로역,충정로역,POI052,KEY_1,한산한,5,30000,40000,100.0,0.0,0.0,0.0,43.8,56.3,0.0,0.0,100.0,0.0,20260825 0710
2026-08-25T07:38:47.500363+09:00,합정역,합정역,POI053,KEY_2,한산한,9,50000,60000,96.3,3.7,0.0,0.0,53.7,16.7,29.6,0.0,100.0,0.0,20260825 0720
2026-08-25T07:38:47.500363+09:00,혜화역,혜화역,POI054,KEY_3,한산한,5,30000,40000,86.7,13.3,0.0,0.0,56.7,0.0,6.7,36.7,100.0,0.0,20260825 0710
2026-08-25T07:38:47.500363+09:00,홍대입구역(2호선),홍대입구역(2호선),POI055,KEY_4,한산한,4,30000,40000,69.2,30.8,0.0,2.6,30.8,0.0,17.9,48.7,100.0,0.0,20260825 0710
2026-08-25T07:38:47.500363+09:00,회기역,회기역,POI056,KEY_1,한산한,4,0,10000,27.5,72.5,0.0,55.0,22.5,0.0,10.0,12.5,100.0,0.0,20260825 0710
2026-08-25T08:32:17.235399+09:00,광화문·덕수궁,광화문·덕수궁,POI009,KEY_2,한산한,103,750000,800000,76.7,23.3,0.0,3.4,17.6,23.8,17.2,38.0,98.9,1.1,20260825 0810
2026-08-25T08:32:17.235399+09:00,보신각,보신각,POI010,KEY_3,한산한,37,150000,200000,63.8,36.2,0.0,4.9,20.9,29.4,37.4,7.4,95.3,4.7,20260825 0810
2026-08-25T08:32:17.235399+09:00,강남 MICE 관광특구,강남 MICE 관광특구,POI001,KEY_2,한산한,21,100000,150000,54.7,45.3,0.0,15.1,23.6,16.0,19.8,25.5,100.0,0.0,20260825 0810
2026-08-25T08:32:17.235399+09:00,동대문 관광특구,동대문 관광특구,POI002,KEY_3,보통,25,150000,200000,79.9,20.1,0.0,0.0,41.8,26.5,27.0,4.8,100.0,0.0,20260825 0810
2026-08-25T08:32:17.235399+09:00,명동 관광특구,명동 관광특구,POI003,KEY_4,보통,505,2400000,2500000,59.1,40.9,1.1,8.5,26.2,30.8,19.9,13.5,62.2,37.8,20260825 0810
2026-08-25T08:32:17.235399+09:00,이태원 관광특구,이태원 관광특구,POI004,KEY_1,한산한,4,30000,40000,65.7,34.3,0.0,11.4,34.3,0.0,54.3,0.0,100.0,0.0,20260825 0810
2026-08-25T08:32:17.235399+09:00,잠실 관광특구,잠실 관광특구,POI005,KEY_2,한산한,37,200000,250000,68.3,31.7,0.0,0.0,50.3,35.7,12.6,1.5,93.5,6.5,20260825 0810
2026-08-25T08:32:17.235399+09:00,종로·청계 관광특구,종로·청계 관광특구,POI006,KEY_3,한산한,64,300000,350000,59.0,41.0,0.0,3.6,13.8,35.0,37.1,10.5,98.5,1.5,20260825 0810
2026-08-25T08:32:17.235399+09:00,홍대 관광특구,홍대 관광특구,POI007,KEY_4,한산한,68,400000,450000,51.2,48.8,0.7,28.8,29.1,16.1,16.8,8.4,66.7,33.3,20260825 0810
2026-08-25T08:32:17.235399+09:00,가락시장,가락시장,POI058,KEY_2,한산한,5,100000,150000,32.3,67.7,0.0,0.0,3.8,0.0,64.6,31.5,100.0,0.0,20260825 0810
2026-08-25T08:32:17.235399+09:00,가로수길,가로수길,POI059,KEY_3,한산한,26,100000,150000,51.1,48.9,0.0,7.4,23.7,23.7,20.5,24.7,53.8,46.2,20260825 0810
2026-08-25T08:32:17.235399+09:00,광장(전통)시장,광장(전통)시장,POI060,KEY_4,한산한,16,70000,80000,69.6,30.4,0.0,39.1,17.4,21.7,21.7,0.0,100.0,0.0,20260825 0810
2026-08-25T08:32:17.235399+09:00,김포공항,김포공항,POI061,KEY_1,한산한,8,30000,40000,66.7,33.3,0.0,14.8,48.1,18.5,18.5,0.0,100.0,0.0,20260825 0810
2026-08-25T08:32:17.235399+09:00,남대문시장,남대문시장,POI115,KEY_2,한산한,29,100000,150000,55.0,45.0,0.0,3.6,50.5,27.9,16.2,1.8,50.2,49.8,20260825 0810
2026-08-25T08:32:17.235399+09:00,노량진,노량진,POI063,KEY_3,한산한,37,100000,150000,42.9,57.1,0.0,28.8,20.9,7.9,28.8,13.6,100.0,0.0,20260825 0810
2026-08-25T08:32:17.235399+09:00,덕수궁길·정동길,덕수궁길·정동길,POI064,KEY_4,한산한,22,100000,150000,67.0,33.0,0.0,4.5,25.0,44.3,23.9,2.3,97.7,2.3,20260825 0810
2026-08-25T08:32:17.235399+09:00,북창동 먹자골목,북창동 먹자골목,POI114,KEY_1,한산한,31,100000,150000,70.4,29.6,0.0,8.9,28.9,50.4,10.4,1.5,89.9,10.1,20260825 0820
2026-08-25T08:32:17.235399+09:00,북촌한옥마을,북촌한옥마을,POI066,KEY_2,한산한,17,70000,80000,73.7,26.3,0.0,7.9,30.3,36.8,0.0,25.0,100.0,0.0,20260825 0820
2026-08-25T08:32:17.235399+09:00,서촌,서촌,POI067,KEY_3,한산한,22,100000,150000,26.6,73.4,1.4,34.3,20.3,7.7,9.8,26.6,100.0,0.0,20260825 0820
2026-08-25T08:32:17.235399+09:00,성수카페거리,성수카페거리,POI068,KEY_4,한산한,51,200000,250000,70.7,29.3,0.0,14.0,33.5,20.7,26.2,5.5,80.7,19.3,20260825 0820
2026-08-25T08:32:17.235399+09:00,송리단길·호수단길,송리단길·호수단길,POI121,KEY_1,한산한,9,40000,50000,58.5,41.5,0.0,41.5,26.8,31.7,0.0,0.0,100.0,0.0,20260825 0820
2026-08-25T08:32:17.235399+09:00,신촌 스타광장,신촌 스타광장,POI122,KEY_2,한산한,9,50000,60000,73.7,26.3,0.0,12.3,3.5,17.5,66.7,0.0,100.0,0.0,20260825 0800
2026-08-25T08:32:17.235399+09:00,압구정로데오거리,압구정로데오거리,POI071,KEY_3,한산한,24,100000,150000,36.9,63.1,0.0,13.1,42.6,18.9,10.7,14.8,83.0,17.0,20260825 0820
2026-08-25T08:32:17.235399+09:00,여의도,여의도,POI072,KEY_4,한산한,224,1200000,1300000,63.7,36.3,0.0,6.5,31.3,38.4,12.3,11.6,83.4,16.6,20260825 0820
2026-08-25T08:32:17.235399+09:00,연남동,연남동,POI073,KEY_1,한산한,11,40000,50000,42.2,57.8,0.0,4.4,20.0,40.0,35.6,0.0,100.0,0.0,20260825 0820
2026-08-25T08:32:17.235399+09:00,영등포 타임스퀘어,영등포 타임스퀘어,POI074,KEY_2,한산한,39,150000,200000,48.6,51.4,0.0,17.3,49.2,14.1,12.4,7.0,100.0,0.0,20260825 0820
2026-08-25T08:32:17.235399+09:00,용리단길,용리단길,POI076,KEY_3,한산한,8,40000,50000,45.2,54.8,0.0,3.2,38.7,6.5,0.0,51.6,76.9,23.1,20260825 0800
2026-08-25T08:32:17.235399+09:00,이태원 앤틱가구거리,이태원 앤틱가구거리,POI077,KEY_4,한산한,4,10000,20000,100.0,0.0,0.0,14.3,28.6,0.0,57.1,0.0,100.0,0.0,20260825 0820
2026-08-25T08:32:17.235399+09:00,익선동,익선동,POI116,KEY_1,한산한,23,100000,150000,62.6,37.4,0.0,15.0,42.1,6.5,20.6,15.9,100.0,0.0,20260825 0820
2026-08-25T08:32:17.235399+09:00,인사동,인사동,POI078,KEY_2,한산한,33,150000,200000,71.3,28.7,0.0,14.9,19.7,20.7,17.0,27.7,95.9,4.1,20260825 0820
2026-08-25T08:32:17.235399+09:00,잠실롯데타워·석촌호수,잠실롯데타워·석촌호수,POI120,KEY_3,한산한,58,250000,300000,48.9,51.1,7.6,12.2,38.8,12.7,22.4,6.3,81.6,18.4,20260825 0820
2026-08-25T08:32:17.235399+09:00,창동 신경제 중심지,창동 신경제 중심지,POI079,KEY_4,한산한,40,250000,300000,40.2,59.8,0.0,3.2,12.1,20.6,33.1,31.0,100.0,0.0,20260825 0820
2026-08-25T08:32:17.235399+09:00,청담동 명품거리,청담동 명품거리,POI080,KEY_1,한산한,13,70000,80000,51.9,48.1,0.0,13.0,53.7,16.7,16.7,0.0,77.5,22.5,20260825 0820
2026-08-25T08:32:17.235399+09:00,청량리 제기동 일대 전통시장,청량리 제기동 일대 전통시장,POI081,KEY_2,한산한,4,10000,20000,60.0,40.0,0.0,20.0,20.0,0.0,60.0,0.0,100.0,0.0,20260825 0810
2026-08-25T08:32:17.235399+09:00,해방촌·경리단길,해방촌·경리단길,POI082,KEY_3,한산한,4,20000,30000,73.7,26.3,15.8,31.6,26.3,0.0,0.0,26.3,100.0,0.0,20260825 0740
2026-08-25T08:32:17.235399+09:00,DDP(동대문디자인플라자),DDP(동대문디자인플라자),POI083,KEY_4,한산한,5,20000,30000,11.1,88.9,0.0,0.0,11.1,88.9,0.0,0.0,100.0,0.0,20260825 0820
2026-08-25T08:32:17.235399+09:00,DMC(디지털미디어시티),DMC(디지털미디어시티),POI084,KEY_1,보통,86,350000,400000,61.6,38.4,0.0,9.9,46.9,18.8,20.5,4.0,92.1,7.9,20260825 0820
2026-08-25T08:32:17.235399+09:00,가산디지털단지역,가산디지털단지역,POI013,KEY_2,한산한,149,600000,650000,58.4,41.6,0.0,14.3,34.0,20.9,23.2,7.6,91.3,8.7,20260825 0820
2026-08-25T08:32:17.235399+09:00,강남역,강남역,POI014,KEY_3,한산한,97,450000,500000,45.1,54.9,1.2,27.9,30.4,24.2,8.2,8.0,82.5,17.5,20260825 0820
2026-08-25T08:32:17.235399+09:00,건대입구역,건대입구역,POI015,KEY_4,보통,41,1100000,1200000,33.0,67.0,0.0,1.2,6.3,19.2,51.0,22.3,91.9,8.1,20260825 0820
2026-08-25T08:32:17.235399+09:00,고덕역,고덕역,POI016,KEY_1,한산한,12,50000,60000,25.0,75.0,0.0,3.6,23.2,33.9,23.2,16.1,100.0,0.0,20260825 0810
2026-08-25T08:32:17.235399+09:00,고속터미널역,고속터미널역,POI017,KEY_2,한산한,32,100000,150000,20.9,79.1,0.0,22.7,31.8,18.2,17.3,10.0,80.6,19.4,20260825 0820
2026-08-25T08:32:17.235399+09:00,교대역,교대역,POI018,KEY_3,한산한,47,200000,250000,71.5,28.5,0.0,6.5,22.0,32.5,28.5,10.5,86.6,13.4,20260825 0820
2026-08-25T08:32:17.235399+09:00,구로디지털단지역,구로디지털단지역,POI019,KEY_4,보통,116,600000,650000,49.2,50.8,1.2,12.4,29.6,22.2,32.4,2.1,92.7,7.3,20260825 0820
2026-08-25T08:32:17.235399+09:00,구로역,구로역,POI020,KEY_1,한산한,8,30000,40000,56.7,43.3,0.0,3.3,36.7,30.0,16.7,13.3,100.0,0.0,20260825 0810
2026-08-25T08:32:17.235399+09:00,군자역,군자역,POI021,KEY_2,한산한,10,40000,50000,36.4,63.6,0.0,4.5,18.2,22.7,54.5,0.0,100.0,0.0,20260825 0820
2026-08-25T08:32:17.235399+09:00,대림역,대림역,POI023,KEY_3,한산한,13,90000,100000,35.5,64.5,0.0,8.6,20.4,38.7,32.3,0.0,100.0,0.0,20260825 0820
2026-08-25T08:32:17.235399+09:00,동대문역,동대문역,POI024,KEY_4,한산한,5,10000,20000,73.3,26.7,0.0,0.0,26.7,40.0,33.3,0.0,100.0,0.0,20260825 0820
2026-08-25T08:32:17.235399+09:00,뚝섬역,뚝섬역,POI025,KEY_1,한산한,43,200000,250000,50.0,50.0,0.0,18.6,34.3,30.4,14.7,2.0,94.5,5.5,20260825 0820
2026-08-25T08:32:17.235399+09:00,미아사거리역,미아사거리역,POI026,KEY_2,한산한,11,50000,60000,59.2,40.8,0.0,14.3,20.4,24.5,18.4,22.4,100.0,0.0,20260825 0820
2026-08-25T08:32:17.235399+09:00,발산역,발산역,POI027,KEY_3,한산한,53,250000,300000,70.4,29.6,0.4,10.3,33.5,23.6,24.0,8.2,88.3,11.7,20260825 0820
2026-08-25T08:32:17.235399+09:00,사당역,사당역,POI029,KEY_4,한산한,29,150000,200000,60.1,39.9,0.0,18.5,40.4,29.2,11.8,0.0,98.4,1.6,20260825 0820
2026-08-25T08:32:17.235399+09:00,서울대입구역,서울대입구역,POI031,KEY_2,한산한,11,30000,40000,39.3,60.7,0.0,32.1,28.6,39.3,0.0,0.0,93.5,6.5,20260825 0820
2026-08-25T08:32:17.235399+09:00,서울식물원·마곡나루역,서울식물원·마곡나루역,POI032,KEY_3,한산한,39,150000,200000,48.4,51.6,0.0,15.4,18.6,50.5,10.1,5.3,94.9,5.1,20260825 0820
2026-08-25T08:32:17.235399+09:00,서울역,서울역,POI033,KEY_4,한산한,34,250000,300000,63.7,36.3,0.0,9.3,31.6,51.2,7.9,0.0,58.6,41.4,20260825 0820
2026-08-25T08:32:17.235399+09:00,선릉역,선릉역,POI034,KEY_1,한산한,86,450000,500000,62.1,37.9,1.4,11.8,32.1,16.3,34.8,3.6,89.0,11.0,20260825 0820
2026-08-25T08:32:17.235399+09:00,성신여대입구역,성신여대입구역,POI035,KEY_2,한산한,4,20000,30000,9.5,90.5,0.0,4.8,47.6,42.9,4.8,0.0,100.0,0.0,20260825 0820
2026-08-25T08:32:17.235399+09:00,수유역,수유역,POI036,KEY_3,한산한,17,100000,150000,74.4,25.6,0.0,17.4,52.9,2.5,27.3,0.0,100.0,0.0,20260825 0820
2026-08-25T08:32:17.235399+09:00,신논현역·논현역,신논현역·논현역,POI037,KEY_2,한산한,15,60000,70000,56.9,43.1,0.0,13.8,31.0,41.4,13.8,0.0,93.7,6.3,20260825 0820
2026-08-25T08:32:17.235399+09:00,신도림역,신도림역,POI038,KEY_3,한산한,10,30000,40000,78.8,21.2,0.0,0.0,33.3,12.1,36.4,18.2,100.0,0.0,20260825 0820
2026-08-25T08:32:17.235399+09:00,신림역,신림역,POI039,KEY_4,한산한,30,150000,200000,52.6,47.4,1.5,8.2,38.1,25.8,12.4,13.9,100.0,0.0,20260825 0820
2026-08-25T08:32:17.235399+09:00,신정네거리역,신정네거리역,POI117,KEY_1,한산한,5,30000,40000,53.1,46.9,0.0,0.0,0.0,37.5,43.8,18.8,100.0,0.0,20260825 0800
2026-08-25T08:32:17.235399+09:00,신촌·이대역,신촌·이대역,POI040,KEY_2,한산한,21,70000,80000,61.4,38.6,0.0,35.7,20.0,18.6,25.7,0.0,100.0,0.0,20260825 0820
2026-08-25T08:32:17.235399+09:00,쌍문역,쌍문역,POI070,KEY_3,한산한,4,30000,40000,36.8,63.2,0.0,23.7,52.6,0.0,0.0,23.7,100.0,0.0,20260825 0820
2026-08-25T08:32:17.235399+09:00,양재역,양재역,POI041,KEY_4,한산한,57,250000,300000,54.4,45.6,2.8,3.7,36.4,30.9,16.1,10.1,85.8,14.2,20260825 0820
2026-08-25T08:32:17.235399+09:00,역삼역,역삼역,POI042,KEY_1,보통,140,850000,900000,50.2,49.8,0.0,11.9,28.8,36.3,20.0,3.0,77.4,22.6,20260825 0820
2026-08-25T08:32:17.235399+09:00,연신내역,연신내역,POI043,KEY_2,한산한,21,100000,150000,46.7,53.3,3.0,6.7,37.0,21.5,27.4,4.4,100.0,0.0,20260825 0820
2026-08-25T08:32:17.235399+09:00,오목교역·목동운동장,오목교역·목동운동장,POI044,KEY_3,한산한,19,70000,80000,67.1,32.9,0.0,5.3,13.2,31.6,36.8,13.2,100.0,0.0,20260825 0820
2026-08-25T08:32:17.235399+09:00,왕십리역,왕십리역,POI045,KEY_4,한산한,17,80000,90000,75.9,24.1,0.0,14.9,29.9,40.2,14.9,0.0,100.0,0.0,20260825 0820
2026-08-25T08:32:17.235399+09:00,용산역,용산역,POI046,KEY_1,한산한,56,250000,300000,50.4,49.6,0.0,14.0,30.4,24.0,26.0,5.6,90.3,9.7,20260825 0820
2026-08-25T08:32:17.235399+09:00,이태원역,이태원역,POI047,KEY_2,한산한,5,40000,50000,36.8,63.2,0.0,10.5,89.5,0.0,0.0,0.0,42.9,57.1,20260825 0720
2026-08-25T08:32:17.235399+09:00,잠실새내역,잠실새내역,POI118,KEY_3,한산한,10,30000,40000,88.2,11.8,0.0,17.6,11.8,35.3,29.4,5.9,100.0,0.0,20260825 0820
2026-08-25T08:32:17.235399+09:00,잠실역,잠실역,POI119,KEY_4,한산한,35,150000,200000,30.3,69.7,13.6,14.4,37.1,12.1,15.2,7.6,88.2,11.8,20260825 0820
2026-08-25T08:32:17.235399+09:00,장지역,장지역,POI048,KEY_1,한산한,8,50000,60000,91.7,8.3,0.0,58.3,27.1,8.3,6.3,0.0,87.0,13.0,20260825 0820
2026-08-25T08:32:17.235399+09:00,장한평역,장한평역,POI049,KEY_2,한산한,31,100000,150000,60.2,39.8,0.0,17.6,29.6,25.0,11.1,16.7,100.0,0.0,20260825 0820
2026-08-25T08:32:17.235399+09:00,천호역,천호역,POI050,KEY_3,한산한,11,40000,50000,73.8,26.2,0.0,28.6,52.4,14.3,4.8,0.0,100.0,0.0,20260825 0820
2026-08-25T08:32:17.235399+09:00,총신대입구(이수)역,총신대입구(이수)역,POI051,KEY_4,한산한,7,30000,40000,56.3,43.8,0.0,0.0,34.4,46.9,6.3,12.5,100.0,0.0,20260825 0820
2026-08-25T08:32:17.235399+09:00,충정로역,충정로역,POI052,KEY_1,바쁜,28,100000,150000,45.0,55.0,0.0,16.7,35.0,31.7,16.7,0.0,100.0,0.0,20260825 0820
2026-08-25T08:32:17.235399+09:00,합정역,합정역,POI053,KEY_2,한산한,10,60000,70000,23.6,76.4,0.0,29.1,0.0,29.1,3.6,38.2,83.3,16.7,20260825 0820
2026-08-25T08:32:17.235399+09:00,혜화역,혜화역,POI054,KEY_3,한산한,8,50000,60000,60.0,40.0,0.0,0.0,29.1,18.2,52.7,0.0,100.0,0.0,20260825 0820
2026-08-25T08:32:17.235399+09:00,홍대입구역(2호선),홍대입구역(2호선),POI055,KEY_4,한산한,5,20000,30000,79.3,20.7,0.0,24.1,10.3,65.5,0.0,0.0,100.0,0.0,20260825 0820
2026-08-25T08:32:17.235399+09:00,회기역,회기역,POI056,KEY_1,한산한,17,70000,80000,30.8,69.2,0.0,10.8,27.7,16.9,7.7,36.9,84.8,15.2,20260825 0820
2026-08-25T10:48:39.651985+09:00,광화문·덕수궁,광화문·덕수궁,POI009,KEY_2,보통,92,2500000,2600000,20.5,79.5,0.0,7.0,5.7,13.4,55.6,18.4,85.4,14.6,20260825 1030
2026-08-25T10:48:39.651985+09:00,보신각,보신각,POI010,KEY_3,보통,43,1000000,1100000,22.3,77.7,0.0,3.6,30.4,15.6,14.1,36.3,72.7,27.3,20260825 1030
2026-08-25T10:48:39.651985+09:00,강남 MICE 관광특구,강남 MICE 관광특구,POI001,KEY_2,바쁜,29,1300000,1400000,6.4,93.6,0.0,3.8,2.2,2.2,89.3,2.5,97.4,2.6,20260825 1030
2026-08-25T10:48:39.651985+09:00,동대문 관광특구,동대문 관광특구,POI002,KEY_3,보통,35,350000,400000,43.7,56.3,0.9,19.2,25.1,19.5,8.2,27.1,87.8,12.2,20260825 1030
2026-08-25T10:48:39.651985+09:00,명동 관광특구,명동 관광특구,POI003,KEY_4,보통,490,4700000,4800000,62.7,37.3,0.1,8.9,24.4,16.6,38.9,11.1,82.2,17.8,20260825 1030
2026-08-25T10:48:39.651985+09:00,이태원 관광특구,이태원 관광특구,POI004,KEY_1,한산한,4,30000,40000,63.2,36.8,0.0,21.1,15.8,0.0,63.2,0.0,61.3,38.7,20260825 1030
2026-08-25T10:48:39.651985+09:00,잠실 관광특구,잠실 관광특구,POI005,KEY_2,보통,69,1100000,1200000,33.5,66.5,0.0,5.6,12.6,14.9,11.8,55.2,94.0,6.0,20260825 1030
2026-08-25T10:48:39.651985+09:00,종로·청계 관광특구,종로·청계 관광특구,POI006,KEY_3,보통,130,3200000,3300000,38.8,61.2,0.0,2.9,11.4,34.8,21.6,29.3,94.9,5.1,20260825 1030
2026-08-25T10:48:39.651985+09:00,홍대 관광특구,홍대 관광특구,POI007,KEY_4,한산한,102,750000,800000,52.6,47.4,3.9,20.4,25.7,9.1,23.3,17.5,91.2,8.8,20260825 1030
2026-08-25T10:48:39.651985+09:00,가락시장,가락시장,POI058,KEY_2,바쁜,17,800000,850000,42.6,57.4,0.0,0.7,0.0,26.5,20.9,51.9,71.8,28.2,20260825 1030
2026-08-25T10:48:39.651985+09:00,가로수길,가로수길,POI059,KEY_3,분주한,60,10000000,11000000,17.1,82.9,0.0,65.9,10.8,14.9,8.2,0.1,99.0,1.0,20260825 1030
2026-08-25T10:48:39.651985+09:00,광장(전통)시장,광장(전통)시장,POI060,KEY_4,보통,19,1200000,1300000,37.9,62.1,0.0,1.2,0.0,32.7,39.0,27.1,100.0,0.0,20260825 1030
2026-08-25T10:48:39.651985+09:00,김포공항,김포공항,POI061,KEY_1,한산한,5,10000,20000,40.0,60.0,0.0,0.0,60.0,0.0,20.0,20.0,38.5,61.5,20260825 1030
2026-08-25T10:48:39.651985+09:00,남대문시장,남대문시장,POI115,KEY_2,바쁜,37,1600000,1700000,83.0,17.0,0.0,0.1,5.0,4.3,80.2,10.3,100.0,0.0,20260825 1030
2026-08-25T10:48:39.651985+09:00,노량진,노량진,POI063,KEY_3,한산한,29,100000,150000,45.4,54.6,0.0,29.9,24.7,2.1,24.7,18.6,82.6,17.4,20260825 1030
2026-08-25T10:48:39.651985+09:00,덕수궁길·정동길,덕수궁길·정동길,POI064,KEY_4,바쁜,21,500000,550000,92.2,7.8,0.0,0.0,3.8,6.3,75.9,14.0,100.0,0.0,20260825 1030
2026-08-25T10:48:39.651985+09:00,북창동 먹자골목,북창동 먹자골목,POI114,KEY_1,한산한,10,100000,150000,63.6,36.4,0.0,12.1,27.9,0.0,4.3,55.7,100.0,0.0,20260825 1030
2026-08-25T10:48:39.651985+09:00,북촌한옥마을,북촌한옥마을,POI066,KEY_2,보통,20,300000,350000,30.4,69.6,0.0,2.3,17.2,15.9,2.6,62.1,98.1,1.9,20260825 1030
2026-08-25T10:48:39.651985+09:00,서촌,서촌,POI067,KEY_3,한산한,4,10000,20000,63.2,36.8,0.0,42.1,31.6,0.0,26.3,0.0,100.0,0.0,20260825 1030
2026-08-25T10:48:39.651985+09:00,성수카페거리,성수카페거리,POI068,KEY_4,한산한,51,450000,500000,40.1,59.9,0.0,18.9,52.7,13.7,7.2,7.4,92.9,7.1,20260825 1030
2026-08-25T10:48:39.651985+09:00,송리단길·호수단길,송리단길·호수단길,POI121,KEY_1,분주한,14,2900000,3000000,3.1,96.9,0.0,0.0,0.0,93.0,0.1,6.9,100.0,0.0,20260825 1030
2026-08-25T10:48:39.651985+09:00,신촌 스타광장,신촌 스타광장,POI122,KEY_2,한산한,16,250000,300000,11.9,88.1,0.0,25.3,41.5,12.6,13.0,7.6,100.0,0.0,20260825 1030
2026-08-25T10:48:39.651985+09:00,압구정로데오거리,압구정로데오거리,POI071,KEY_3,보통,44,4700000,4800000,2.7,97.3,0.0,1.3,4.9,67.1,23.9,2.8,98.8,1.2,20260825 1030
2026-08-25T10:48:39.651985+09:00,여의도,여의도,POI072,KEY_4,보통,201,4400000,4500000,61.5,38.5,0.1,1.9,11.3,14.4,25.9,46.4,90.2,9.8,20260825 1030
2026-08-25T10:48:39.651985+09:00,연남동,연남동,POI073,KEY_1,한산한,15,100000,150000,28.2,71.8,0.0,4.9,10.7,13.6,49.5,21.4,78.9,21.1,20260825 1030
2026-08-25T10:48:39.651985+09:00,영등포 타임스퀘어,영등포 타임스퀘어,POI074,KEY_2,한산한,21,200000,250000,22.9,77.1,0.0,29.2,17.7,15.6,37.5,0.0,44.4,55.6,20260825 1030
2026-08-25T10:48:39.651985+09:00,용리단길,용리단길,POI076,KEY_3,한산한,4,10000,20000,100.0,0.0,0.0,0.0,18.2,18.2,9.1,54.5,100.0,0.0,20260825 1010
2026-08-25T10:48:39.651985+09:00,이태원 앤틱가구거리,이태원 앤틱가구거리,POI077,KEY_4,한산한,4,10000,20000,52.9,47.1,0.0,0.0,94.1,5.9,0.0,0.0,100.0,0.0,20260825 0910
2026-08-25T10:48:39.651985+09:00,익선동,익선동,POI116,KEY_1,보통,33,600000,650000,32.0,68.0,0.0,7.3,3.2,56.6,27.1,5.7,92.3,7.7,20260825 1030
2026-08-25T10:48:39.651985+09:00,인사동,인사동,POI078,KEY_2,한산한,16,300000,350000,20.9,79.1,0.0,1.6,21.3,8.1,2.5,66.6,100.0,0.0,20260825 1030
2026-08-25T10:48:39.651985+09:00,잠실롯데타워·석촌호수,잠실롯데타워·석촌호수,POI120,KEY_3,보통,59,600000,650000,51.3,48.7,0.0,9.6,23.5,8.1,21.1,37.7,89.4,10.6,20260825 1030
2026-08-25T10:48:39.651985+09:00,창동 신경제 중심지,창동 신경제 중심지,POI079,KEY_4,바쁜,141,4300000,4400000,39.4,60.6,0.0,1.5,12.6,12.2,32.4,41.3,99.9,0.1,20260825 1030
2026-08-25T10:48:39.651985+09:00,청담동 명품거리,청담동 명품거리,POI080,KEY_1,분주한,23,3300000,3400000,1.4,98.6,0.0,1.5,3.5,62.1,32.8,0.2,100.0,0.0,20260825 1030
2026-08-25T10:48:39.651985+09:00,청량리 제기동 일대 전통시장,청량리 제기동 일대 전통시장,POI081,KEY_2,한산한,23,450000,500000,33.3,66.7,0.0,4.7,3.4,0.9,12.9,78.1,96.7,3.3,20260825 1030
2026-08-25T10:48:39.651985+09:00,해방촌·경리단길,해방촌·경리단길,POI082,KEY_3,한산한,5,20000,30000,40.0,60.0,0.0,0.0,44.0,0.0,0.0,56.0,100.0,0.0,20260825 1030
2026-08-25T10:48:39.651985+09:00,DDP(동대문디자인플라자),DDP(동대문디자인플라자),POI083,KEY_4,한산한,4,30000,40000,0.0,100.0,0.0,0.0,68.4,15.8,15.8,0.0,100.0,0.0,20260825 1030
2026-08-25T10:48:39.651985+09:00,DMC(디지털미디어시티),DMC(디지털미디어시티),POI084,KEY_1,보통,56,450000,500000,51.4,48.6,0.0,10.7,22.7,18.0,24.3,24.3,81.9,18.1,20260825 1030
2026-08-25T10:48:39.651985+09:00,가산디지털단지역,가산디지털단지역,POI013,KEY_2,한산한,59,350000,400000,65.1,34.9,0.0,11.1,39.1,21.8,16.0,12.1,82.8,17.2,20260825 1030
2026-08-25T10:48:39.651985+09:00,강남역,강남역,POI014,KEY_3,바쁜,153,10000000,11000000,68.8,31.2,0.0,1.6,17.6,9.1,27.9,43.7,99.8,0.2,20260825 1030
2026-08-25T10:48:39.651985+09:00,건대입구역,건대입구역,POI015,KEY_4,분주한,66,5600000,5700000,27.2,72.8,0.0,4.5,5.8,52.1,11.3,26.3,99.0,1.0,20260825 1030
2026-08-25T10:48:39.651985+09:00,고덕역,고덕역,POI016,KEY_1,바쁜,22,1100000,1200000,17.0,83.0,0.0,0.0,0.0,15.5,14.8,69.7,100.0,0.0,20260825 1030
2026-08-25T10:48:39.651985+09:00,고속터미널역,고속터미널역,POI017,KEY_2,보통,56,1000000,1100000,68.3,31.7,0.9,0.9,17.2,5.7,18.0,57.4,99.9,0.1,20260825 1030
2026-08-25T10:48:39.651985+09:00,교대역,교대역,POI018,KEY_3,보통,44,900000,950000,41.7,58.3,0.0,44.8,9.1,29.5,9.2,7.4,96.5,3.5,20260825 1030
2026-08-25T10:48:39.651985+09:00,구로디지털단지역,구로디지털단지역,POI019,KEY_4,한산한,45,500000,550000,40.5,59.5,0.0,3.8,26.6,32.7,13.6,23.2,98.7,1.3,20260825 1030
2026-08-25T10:48:39.651985+09:00,구로역,구로역,POI020,KEY_1,한산한,5,40000,50000,70.5,29.5,0.0,0.0,9.1,0.0,4.5,86.4,100.0,0.0,20260825 1020
2026-08-25T10:48:39.651985+09:00,군자역,군자역,POI021,KEY_2,보통,23,400000,450000,43.8,56.2,0.0,8.1,5.1,0.5,80.4,5.9,95.6,4.4,20260825 1030
2026-08-25T10:48:39.651985+09:00,대림역,대림역,POI023,KEY_3,보통,6,350000,400000,36.9,63.1,0.0,0.0,0.0,0.0,41.2,58.8,100.0,0.0,20260825 1030
2026-08-25T10:48:39.651985+09:00,동대문역,동대문역,POI024,KEY_4,보통,9,150000,200000,74.0,26.0,0.0,0.0,0.0,13.3,4.6,82.1,100.0,0.0,20260825 1030
2026-08-25T10:48:39.651985+09:00,뚝섬역,뚝섬역,POI025,KEY_1,보통,33,300000,350000,62.3,37.7,0.0,6.3,45.3,10.4,6.3,31.6,93.8,6.2,20260825 1030
2026-08-25T10:48:39.651985+09:00,미아사거리역,미아사거리역,POI026,KEY_2,분주한,35,6600000,6700000,40.2,59.8,0.0,0.3,1.3,85.7,7.7,5.0,100.0,0.0,20260825 1030
2026-08-25T10:48:39.651985+09:00,발산역,발산역,POI027,KEY_3,보통,50,1300000,1400000,35.8,64.2,0.0,2.9,11.5,11.4,33.2,41.0,98.9,1.1,20260825 1030
2026-08-25T10:48:39.651985+09:00,사당역,사당역,POI029,KEY_4,보통,28,400000,450000,35.1,64.9,0.0,17.3,15.3,4.3,5.0,58.1,98.4,1.6,20260825 1030
2026-08-25T10:48:39.651985+09:00,서울대입구역,서울대입구역,POI031,KEY_2,보통,43,800000,850000,47.3,52.7,0.0,32.1,33.9,8.8,8.9,16.3,99.8,0.2,20260825 1030
2026-08-25T10:48:39.651985+09:00,서울식물원·마곡나루역,서울식물원·마곡나루역,POI032,KEY_3,한산한,33,350000,400000,43.4,56.6,8.5,7.5,44.0,10.7,11.3,17.9,85.7,14.3,20260825 1030
2026-08-25T10:48:39.651985+09:00,서울역,서울역,POI033,KEY_4,바쁜,31,2800000,2900000,42.3,57.7,0.0,5.7,58.4,29.5,6.4,0.0,10.6,89.4,20260825 1030
2026-08-25T10:48:39.651985+09:00,선릉역,선릉역,POI034,KEY_1,바쁜,105,3100000,3200000,79.2,20.8,0.0,1.1,11.6,7.2,49.9,30.1,91.9,8.1,20260825 1030
2026-08-25T10:48:39.651985+09:00,성신여대입구역,성신여대입구역,POI035,KEY_2,한산한,11,150000,200000,36.1,63.9,0.0,22.9,13.9,46.5,2.8,13.9,87.8,12.2,20260825 1030
2026-08-25T10:48:39.651985+09:00,수유역,수유역,POI036,KEY_3,보통,53,500000,550000,47.9,52.1,0.0,3.2,8.3,32.2,10.4,45.8,98.1,1.9,20260825 1030
2026-08-25T10:48:39.651985+09:00,신논현역·논현역,신논현역·논현역,POI037,KEY_2,바쁜,25,3000000,3100000,25.6,74.4,0.0,13.7,12.8,15.3,9.0,49.2,95.4,4.6,20260825 1030
2026-08-25T10:48:39.651985+09:00,신도림역,신도림역,POI038,KEY_3,한산한,5,20000,30000,68.0,32.0,0.0,0.0,0.0,24.0,0.0,76.0,100.0,0.0,20260825 1030
2026-08-25T10:48:39.651985+09:00,신림역,신림역,POI039,KEY_4,분주한,47,2500000,2600000,85.5,14.5,0.0,3.7,80.8,0.6,6.2,8.7,99.9,0.1,20260825 1030
2026-08-25T10:48:39.651985+09:00,신정네거리역,신정네거리역,POI117,KEY_1,보통,25,400000,450000,49.7,50.3,0.0,3.4,3.4,21.3,1.8,70.1,100.0,0.0,20260825 1030
2026-08-25T10:48:39.651985+09:00,신촌·이대역,신촌·이대역,POI040,KEY_2,바쁜,93,2600000,2700000,13.7,86.3,0.0,4.7,7.4,6.8,37.5,43.6,98.5,1.5,20260825 1030
2026-08-25T10:48:39.651985+09:00,쌍문역,쌍문역,POI070,KEY_3,한산한,21,200000,250000,23.1,76.9,0.0,19.0,4.2,1.4,31.0,44.4,100.0,0.0,20260825 1030
2026-08-25T10:48:39.651985+09:00,양재역,양재역,POI041,KEY_4,보통,51,850000,900000,47.7,52.3,0.0,3.7,27.0,4.9,21.7,42.8,97.3,2.7,20260825 1030
2026-08-25T10:48:39.651985+09:00,역삼역,역삼역,POI042,KEY_1,보통,83,1100000,1200000,82.4,17.6,0.0,3.2,17.7,5.0,60.1,14.0,88.5,11.5,20260825 1030
2026-08-25T10:48:39.651985+09:00,연신내역,연신내역,POI043,KEY_2,분주한,36,7500000,7600000,5.4,94.6,0.0,0.0,1.2,2.0,45.2,51.6,100.0,0.0,20260825 1030
2026-08-25T10:48:39.651985+09:00,오목교역·목동운동장,오목교역·목동운동장,POI044,KEY_3,분주한,88,4900000,5000000,11.8,88.2,0.0,0.3,6.5,68.6,16.0,8.6,96.1,3.9,20260825 1030
2026-08-25T10:48:39.651985+09:00,왕십리역,왕십리역,POI045,KEY_4,보통,39,1000000,1100000,36.4,63.6,0.0,1.0,12.0,2.9,52.1,32.0,94.7,5.3,20260825 1030
2026-08-25T10:48:39.651985+09:00,용산역,용산역,POI046,KEY_1,한산한,41,300000,350000,59.5,40.5,0.0,5.7,34.9,20.6,25.3,13.5,84.5,15.5,20260825 1030
2026-08-25T10:48:39.651985+09:00,이태원역,이태원역,POI047,KEY_2,한산한,4,20000,30000,70.4,29.6,0.0,0.0,40.7,7.4,22.2,29.6,100.0,0.0,20260825 0940
2026-08-25T10:48:39.651985+09:00,잠실새내역,잠실새내역,POI118,KEY_3,보통,45,1600000,1700000,18.8,81.2,0.6,10.9,2.1,33.8,36.7,15.9,99.6,0.4,20260825 1030
2026-08-25T10:48:39.651985+09:00,잠실역,잠실역,POI119,KEY_4,보통,39,450000,500000,37.1,62.9,0.0,11.5,21.3,8.3,9.3,49.6,85.7,14.3,20260825 1030
2026-08-25T10:48:39.651985+09:00,장지역,장지역,POI048,KEY_1,보통,27,600000,650000,71.0,29.0,0.0,4.2,87.6,2.3,1.7,4.2,95.1,4.9,20260825 1030
2026-08-25T10:48:39.651985+09:00,장한평역,장한평역,POI049,KEY_2,보통,17,250000,300000,49.4,50.6,0.0,0.0,0.0,20.6,25.3,54.1,100.0,0.0,20260825 1030
2026-08-25T10:48:39.651985+09:00,천호역,천호역,POI050,KEY_3,보통,25,1000000,1100000,81.3,18.7,0.0,1.5,1.6,12.1,68.4,16.3,97.1,2.9,20260825 1030
2026-08-25T10:48:39.651985+09:00,총신대입구(이수)역,총신대입구(이수)역,POI051,KEY_4,보통,60,1500000,1600000,35.7,64.3,0.0,1.2,41.4,2.9,17.6,36.8,100.0,0.0,20260825 1030
2026-08-25T10:48:39.651985+09:00,충정로역,충정로역,POI052,KEY_1,보통,11,70000,80000,95.3,4.7,0.0,37.2,0.0,0.0,62.8,0.0,62.3,37.7,20260825 1030
2026-08-25T10:48:39.651985+09:00,합정역,합정역,POI053,KEY_2,한산한,17,100000,150000,43.2,56.8,0.0,9.0,17.1,36.9,18.0,18.9,91.7,8.3,20260825 1030
2026-08-25T10:48:39.651985+09:00,혜화역,혜화역,POI054,KEY_3,한산한,15,800000,850000,26.7,73.3,0.0,0.0,1.6,4.3,8.4,85.7,97.7,2.3,20260825 1030
2026-08-25T10:48:39.651985+09:00,홍대입구역(2호선),홍대입구역(2호선),POI055,KEY_4,한산한,17,90000,100000,41.4,58.6,3.4,40.2,17.2,6.9,16.1,16.1,90.7,9.3,20260825 1030
2026-08-25T10:48:39.651985+09:00,회기역,회기역,POI056,KEY_1,바쁜,26,700000,750000,74.1,25.9,1.8,2.5,3.8,35.5,6.3,50.2,81.1,18.9,20260825 1030
2026-08-25T12:09:50.523928+09:00,광화문·덕수궁,광화문·덕수궁,POI009,KEY_2,분주한,452,10000000,11000000,69.4,30.6,0.1,24.9,28.8,24.2,16.0,5.9,80.3,19.7,20260825 1150
2026-08-25T12:09:50.523928+09:00,보신각,보신각,POI010,KEY_3,분주한,183,5500000,5600000,70.3,29.7,0.0,35.2,27.5,23.4,10.4,3.5,84.0,16.0,20260825 1150
2026-08-25T12:09:50.523928+09:00,강남 MICE 관광특구,강남 MICE 관광특구,POI001,KEY_2,분주한,86,1700000,1800000,52.3,47.7,0.0,12.3,21.6,35.0,10.9,20.3,49.6,50.4,20260825 1150
2026-08-25T12:09:50.523928+09:00,동대문 관광특구,동대문 관광특구,POI002,KEY_3,분주한,93,2900000,3000000,42.1,57.9,0.0,3.7,13.5,4.6,5.9,72.3,93.2,6.8,20260825 1150
2026-08-25T12:09:50.523928+09:00,명동 관광특구,명동 관광특구,POI003,KEY_4,분주한,1078,19000000,20000000,63.5,36.5,0.2,6.4,19.2,18.8,41.3,14.1,76.4,23.6,20260825 1150
2026-08-25T12:09:50.523928+09:00,이태원 관광특구,이태원 관광특구,POI004,KEY_1,보통,33,1000000,1100000,37.9,62.1,0.0,10.9,34.8,30.9,10.6,12.8,61.4,38.6,20260825 1150
2026-08-25T12:09:50.523928+09:00,잠실 관광특구,잠실 관광특구,POI005,KEY_2,바쁜,161,3400000,3500000,48.3,51.7,0.0,5.5,37.6,20.0,22.5,14.3,91.7,8.3,20260825 1150
2026-08-25T12:09:50.523928+09:00,종로·청계 관광특구,종로·청계 관광특구,POI006,KEY_3,분주한,367,9600000,9700000,58.0,42.0,0.3,7.0,28.4,23.1,16.3,24.9,84.1,15.9,20260825 1150
2026-08-25T12:09:50.523928+09:00,홍대 관광특구,홍대 관광특구,POI007,KEY_4,보통,261,4800000,4900000,53.7,46.3,0.3,18.9,23.1,30.2,10.9,16.5,79.7,20.3,20260825 1150
2026-08-25T12:09:50.523928+09:00,가락시장,가락시장,POI058,KEY_2,분주한,25,900000,950000,32.0,68.0,0.0,0.0,3.6,7.2,26.3,62.9,84.7,15.3,20260825 1150
2026-08-25T12:09:50.523928+09:00,가로수길,가로수길,POI059,KEY_3,보통,134,4000000,4100000,38.6,61.4,3.6,5.6,38.4,15.5,24.9,12.1,92.2,7.8,20260825 1150
2026-08-25T12:09:50.523928+09:00,광장(전통)시장,광장(전통)시장,POI060,KEY_4,분주한,59,2600000,2700000,71.6,28.4,0.0,2.3,28.1,24.7,15.7,29.2,96.6,3.4,20260825 1150
2026-08-25T12:09:50.523928+09:00,김포공항,김포공항,POI061,KEY_1,한산한,12,80000,90000,88.0,12.0,0.0,0.0,0.4,0.4,87.4,11.7,99.8,0.2,20260825 1150
2026-08-25T12:09:50.523928+09:00,남대문시장,남대문시장,POI115,KEY_2,분주한,128,7400000,7500000,80.8,19.2,0.0,1.0,8.7,11.2,61.8,17.2,94.4,5.6,20260825 1150
2026-08-25T12:09:50.523928+09:00,노량진,노량진,POI063,KEY_3,바쁜,54,600000,650000,18.4,81.6,1.3,39.3,25.8,9.9,11.2,12.5,100.0,0.0,20260825 1150
2026-08-25T12:09:50.523928+09:00,덕수궁길·정동길,덕수궁길·정동길,POI064,KEY_4,바쁜,53,850000,900000,46.9,53.1,0.0,9.9,31.1,35.0,20.7,3.4,62.0,38.0,20260825 1150
2026-08-25T12:09:50.523928+09:00,북창동 먹자골목,북창동 먹자골목,POI114,KEY_1,분주한,117,2900000,3000000,56.6,43.4,0.0,6.1,21.3,22.7,16.8,33.1,73.4,26.6,20260825 1150
2026-08-25T12:09:50.523928+09:00,북촌한옥마을,북촌한옥마을,POI066,KEY_2,바쁜,67,1200000,1300000,54.0,46.0,0.0,8.5,26.5,31.1,25.5,8.4,80.0,20.0,20260825 1150
2026-08-25T12:09:50.523928+09:00,서촌,서촌,POI067,KEY_3,바쁜,60,1200000,1300000,52.3,47.7,0.0,8.3,29.8,24.8,19.3,17.8,84.8,15.2,20260825 1150
2026-08-25T12:09:50.523928+09:00,성수카페거리,성수카페거리,POI068,KEY_4,바쁜,220,4000000,4100000,56.6,43.4,0.0,15.4,29.0,35.9,11.1,8.6,64.2,35.8,20260825 1150
2026-08-25T12:09:50.523928+09:00,송리단길·호수단길,송리단길·호수단길,POI121,KEY_1,보통,47,1000000,1100000,54.3,45.7,0.0,4.1,11.5,34.5,19.8,30.1,87.7,12.3,20260825 1150
2026-08-25T12:09:50.523928+09:00,신촌 스타광장,신촌 스타광장,POI122,KEY_2,분주한,30,1400000,1500000,7.9,92.1,0.7,33.8,37.2,5.1,4.3,19.1,100.0,0.0,20260825 1150
2026-08-25T12:09:50.523928+09:00,압구정로데오거리,압구정로데오거리,POI071,KEY_3,바쁜,95,7500000,7600000,9.4,90.6,0.0,26.3,2.1,8.3,6.5,56.9,93.8,6.2,20260825 1150
2026-08-25T12:09:50.523928+09:00,여의도,여의도,POI072,KEY_4,분주한,986,23000000,24000000,52.7,47.3,0.0,11.0,36.2,20.6,21.1,11.1,62.9,37.1,20260825 1150
2026-08-25T12:09:50.523928+09:00,연남동,연남동,POI073,KEY_1,보통,46,800000,850000,50.5,49.5,0.7,26.8,14.9,32.8,8.3,16.6,74.4,25.6,20260825 1150
2026-08-25T12:09:50.523928+09:00,영등포 타임스퀘어,영등포 타임스퀘어,POI074,KEY_2,보통,83,2100000,2200000,46.5,53.5,0.0,8.7,15.7,10.1,27.5,37.9,76.7,23.3,20260825 1150
2026-08-25T12:09:50.523928+09:00,용리단길,용리단길,POI076,KEY_3,보통,29,750000,800000,77.4,22.6,0.0,4.6,39.1,29.9,9.5,17.0,53.7,46.3,20260825 1150
2026-08-25T12:09:50.523928+09:00,이태원 앤틱가구거리,이태원 앤틱가구거리,POI077,KEY_4,보통,5,200000,250000,6.1,93.9,0.0,0.0,11.8,88.2,0.0,0.0,100.0,0.0,20260825 1150
2026-08-25T12:09:50.523928+09:00,익선동,익선동,POI116,KEY_1,분주한,72,2100000,2200000,32.2,67.8,0.0,0.8,37.9,9.0,6.8,45.5,88.2,11.8,20260825 1150
2026-08-25T12:09:50.523928+09:00,인사동,인사동,POI078,KEY_2,분주한,159,3200000,3300000,57.4,42.6,0.0,3.7,35.6,30.4,19.4,10.9,84.0,16.0,20260825 1150
2026-08-25T12:09:50.523928+09:00,잠실롯데타워·석촌호수,잠실롯데타워·석촌호수,POI120,KEY_3,바쁜,153,3300000,3400000,49.3,50.7,0.0,5.7,38.2,19.3,22.2,14.5,91.5,8.5,20260825 1150
2026-08-25T12:09:50.523928+09:00,창동 신경제 중심지,창동 신경제 중심지,POI079,KEY_4,분주한,277,7000000,7100000,38.1,61.9,0.0,4.5,35.3,15.7,17.4,27.1,92.2,7.8,20260825 1150
2026-08-25T12:09:50.523928+09:00,청담동 명품거리,청담동 명품거리,POI080,KEY_1,보통,36,850000,900000,79.7,20.3,0.0,18.1,12.9,4.8,49.8,14.4,59.7,40.3,20260825 1150
2026-08-25T12:09:50.523928+09:00,청량리 제기동 일대 전통시장,청량리 제기동 일대 전통시장,POI081,KEY_2,분주한,48,2000000,2100000,22.6,77.4,0.0,2.7,57.8,2.3,5.1,32.0,100.0,0.0,20260825 1150
2026-08-25T12:09:50.523928+09:00,해방촌·경리단길,해방촌·경리단길,POI082,KEY_3,한산한,6,20000,30000,45.8,54.2,0.0,12.5,54.2,0.0,16.7,16.7,100.0,0.0,20260825 1150
2026-08-25T12:09:50.523928+09:00,DDP(동대문디자인플라자),DDP(동대문디자인플라자),POI083,KEY_4,보통,4,80000,90000,54.9,45.1,0.0,0.0,34.1,32.9,0.0,32.9,100.0,0.0,20260825 1150
2026-08-25T12:09:50.523928+09:00,DMC(디지털미디어시티),DMC(디지털미디어시티),POI084,KEY_1,분주한,244,4300000,4400000,63.2,36.8,0.0,11.0,27.5,39.5,18.6,3.5,67.8,32.2,20260825 1150
2026-08-25T12:09:50.523928+09:00,가산디지털단지역,가산디지털단지역,POI013,KEY_2,분주한,399,4800000,4900000,60.5,39.5,0.5,14.5,34.3,27.0,17.3,6.4,72.8,27.2,20260825 1150
2026-08-25T12:09:50.523928+09:00,강남역,강남역,POI014,KEY_3,분주한,385,20000000,21000000,44.0,56.0,0.1,15.5,15.3,30.5,28.9,9.7,96.0,4.0,20260825 1150
2026-08-25T12:09:50.523928+09:00,건대입구역,건대입구역,POI015,KEY_4,보통,112,2600000,2700000,48.8,51.2,0.0,18.6,10.0,8.0,29.4,34.0,84.5,15.5,20260825 1150
2026-08-25T12:09:50.523928+09:00,고덕역,고덕역,POI016,KEY_1,보통,30,600000,650000,23.2,76.8,0.0,1.1,10.7,33.2,8.3,46.7,98.8,1.2,20260825 1150
2026-08-25T12:09:50.523928+09:00,고속터미널역,고속터미널역,POI017,KEY_2,바쁜,133,2400000,2500000,43.6,56.4,0.1,4.8,11.3,16.2,20.2,47.5,90.9,9.1,20260825 1150
2026-08-25T12:09:50.523928+09:00,교대역,교대역,POI018,KEY_3,분주한,155,5900000,6000000,28.9,71.1,0.0,5.0,63.9,12.1,5.7,13.3,79.9,20.1,20260825 1150
2026-08-25T12:09:50.523928+09:00,구로디지털단지역,구로디지털단지역,POI019,KEY_4,분주한,250,6400000,6500000,39.5,60.5,0.0,22.2,48.4,15.2,10.9,3.3,78.1,21.9,20260825 1150
2026-08-25T12:09:50.523928+09:00,구로역,구로역,POI020,KEY_1,한산한,13,200000,250000,71.0,29.0,0.0,1.9,15.1,40.3,32.0,10.7,92.8,7.2,20260825 1150
2026-08-25T12:09:50.523928+09:00,군자역,군자역,POI021,KEY_2,바쁜,25,750000,800000,48.3,51.7,0.0,28.5,4.7,11.2,37.2,18.3,84.1,15.9,20260825 1150
2026-08-25T12:09:50.523928+09:00,대림역,대림역,POI023,KEY_3,바쁜,30,550000,600000,60.3,39.7,0.0,0.0,13.0,16.7,25.1,45.2,91.8,8.2,20260825 1150
2026-08-25T12:09:50.523928+09:00,동대문역,동대문역,POI024,KEY_4,분주한,28,800000,850000,17.0,83.0,0.0,0.6,65.3,13.0,10.4,10.6,81.0,19.0,20260825 1150
2026-08-25T12:09:50.523928+09:00,뚝섬역,뚝섬역,POI025,KEY_1,바쁜,85,1500000,1600000,30.6,69.4,0.0,8.1,36.4,13.1,25.2,17.3,72.4,27.6,20260825 1150
2026-08-25T12:09:50.523928+09:00,미아사거리역,미아사거리역,POI026,KEY_2,바쁜,42,1700000,1800000,32.1,67.9,0.0,1.6,0.6,4.3,17.0,76.6,100.0,0.0,20260825 1150
2026-08-25T12:09:50.523928+09:00,발산역,발산역,POI027,KEY_3,바쁜,148,3600000,3700000,47.0,53.0,1.0,1.2,22.6,16.9,38.9,19.3,80.9,19.1,20260825 1150
2026-08-25T12:09:50.523928+09:00,사당역,사당역,POI029,KEY_4,보통,78,1200000,1300000,23.9,76.1,0.0,10.4,39.2,4.5,23.1,22.7,96.6,3.4,20260825 1150
2026-08-25T12:09:50.523928+09:00,서울대입구역,서울대입구역,POI031,KEY_2,보통,69,1100000,1200000,37.2,62.8,0.4,5.7,20.7,16.5,25.1,31.7,82.4,17.6,20260825 1150
2026-08-25T12:09:50.523928+09:00,서울식물원·마곡나루역,서울식물원·마곡나루역,POI032,KEY_3,분주한,105,2700000,2800000,35.2,64.8,0.0,4.5,32.2,47.6,6.8,8.9,69.8,30.2,20260825 1150
2026-08-25T12:09:50.523928+09:00,서울역,서울역,POI033,KEY_4,분주한,197,4400000,4500000,41.8,58.2,0.0,8.5,30.5,31.8,14.4,14.9,57.6,42.4,20260825 1150
2026-08-25T12:09:50.523928+09:00,선릉역,선릉역,POI034,KEY_1,분주한,368,7300000,7400000,46.9,53.1,0.0,8.5,27.7,19.8,14.7,29.3,70.7,29.3,20260825 1150
2026-08-25T12:09:50.523928+09:00,성신여대입구역,성신여대입구역,POI035,KEY_2,바쁜,52,1000000,1100000,66.3,33.7,0.0,3.7,5.7,10.4,23.2,57.1,95.9,4.1,20260825 1150
2026-08-25T12:09:50.523928+09:00,수유역,수유역,POI036,KEY_3,분주한,77,1900000,2000000,35.7,64.3,0.0,7.0,13.0,21.3,38.7,20.0,99.7,0.3,20260825 1150
2026-08-25T12:09:50.523928+09:00,신논현역·논현역,신논현역·논현역,POI037,KEY_2,보통,88,1800000,1900000,42.0,58.0,0.1,11.7,15.2,27.5,32.6,12.8,84.1,15.9,20260825 1150
2026-08-25T12:09:50.523928+09:00,신도림역,신도림역,POI038,KEY_3,한산한,6,40000,50000,73.8,26.2,0.0,0.0,19.0,50.0,23.8,7.1,100.0,0.0,20260825 1140
2026-08-25T12:09:50.523928+09:00,신림역,신림역,POI039,KEY_4,보통,73,1100000,1200000,35.1,64.9,0.3,49.7,15.1,9.4,13.4,12.2,97.7,2.3,20260825 1150
2026-08-25T12:09:50.523928+09:00,신정네거리역,신정네거리역,POI117,KEY_1,한산한,15,100000,150000,53.0,47.0,0.0,0.0,12.6,21.2,43.7,22.5,100.0,0.0,20260825 1150
2026-08-25T12:09:50.523928+09:00,신촌·이대역,신촌·이대역,POI040,KEY_2,분주한,156,4200000,4300000,42.9,57.1,1.0,30.6,23.6,6.0,24.7,14.0,92.6,7.4,20260825 1150
2026-08-25T12:09:50.523928+09:00,쌍문역,쌍문역,POI070,KEY_3,바쁜,29,700000,750000,24.0,76.0,0.0,7.4,2.1,7.9,21.5,61.1,94.7,5.3,20260825 1150
2026-08-25T12:09:50.523928+09:00,양재역,양재역,POI041,KEY_4,분주한,145,3000000,3100000,46.0,54.0,0.0,6.5,38.8,29.6,12.2,12.8,77.1,22.9,20260825 1150
2026-08-25T12:09:50.523928+09:00,역삼역,역삼역,POI042,KEY_1,분주한,349,5800000,5900000,55.0,45.0,0.0,10.2,35.3,29.0,18.4,7.2,64.0,36.0,20260825 1150
2026-08-25T12:09:50.523928+09:00,연신내역,연신내역,POI043,KEY_2,분주한,78,2400000,2500000,37.9,62.1,0.6,1.7,5.8,24.9,11.1,55.8,63.2,36.8,20260825 1150
2026-08-25T12:09:50.523928+09:00,오목교역·목동운동장,오목교역·목동운동장,POI044,KEY_3,보통,134,3200000,3300000,41.0,59.0,0.5,5.2,8.3,22.5,34.1,29.3,89.0,11.0,20260825 1150
2026-08-25T12:09:50.523928+09:00,왕십리역,왕십리역,POI045,KEY_4,분주한,83,11000000,12000000,8.1,91.9,0.1,0.8,1.9,3.6,85.7,7.9,97.3,2.7,20260825 1150
2026-08-25T12:09:50.523928+09:00,용산역,용산역,POI046,KEY_1,보통,136,2200000,2300000,44.9,55.1,2.2,11.5,22.0,17.7,17.6,29.0,66.2,33.8,20260825 1150
2026-08-25T12:09:50.523928+09:00,이태원역,이태원역,POI047,KEY_2,한산한,4,70000,80000,15.6,84.4,0.0,64.1,35.9,0.0,0.0,0.0,87.7,12.3,20260825 1150
2026-08-25T12:09:50.523928+09:00,잠실새내역,잠실새내역,POI118,KEY_3,바쁜,90,2200000,2300000,66.7,33.3,0.0,4.7,35.6,14.9,7.6,37.3,94.7,5.3,20260825 1150
2026-08-25T12:09:50.523928+09:00,잠실역,잠실역,POI119,KEY_4,바쁜,80,1700000,1800000,33.6,66.4,0.1,4.2,56.1,13.5,15.6,10.5,90.3,9.7,20260825 1150
2026-08-25T12:09:50.523928+09:00,장지역,장지역,POI048,KEY_1,바쁜,71,1500000,1600000,53.6,46.4,0.0,6.9,22.6,37.2,12.0,21.4,79.5,20.5,20260825 1150
2026-08-25T12:09:50.523928+09:00,장한평역,장한평역,POI049,KEY_2,분주한,50,600000,650000,70.1,29.9,0.0,5.2,14.8,14.8,23.3,41.8,84.3,15.7,20260825 1150
2026-08-25T12:09:50.523928+09:00,천호역,천호역,POI050,KEY_3,보통,54,650000,700000,53.1,46.9,0.0,9.6,11.8,30.2,20.9,27.6,100.0,0.0,20260825 1150
2026-08-25T12:09:50.523928+09:00,총신대입구(이수)역,총신대입구(이수)역,POI051,KEY_4,바쁜,90,1800000,1900000,25.0,75.0,0.0,3.0,20.5,30.3,14.4,31.8,97.8,2.2,20260825 1150
2026-08-25T12:09:50.523928+09:00,충정로역,충정로역,POI052,KEY_1,바쁜,27,250000,300000,39.0,61.0,0.0,5.6,25.9,38.6,13.1,16.7,100.0,0.0,20260825 1150
2026-08-25T12:09:50.523928+09:00,합정역,합정역,POI053,KEY_2,바쁜,57,1000000,1100000,63.4,36.6,0.0,2.9,26.6,25.4,20.5,24.8,80.7,19.3,20260825 1150
2026-08-25T12:09:50.523928+09:00,혜화역,혜화역,POI054,KEY_3,분주한,80,2500000,2600000,76.7,23.3,0.0,7.6,10.2,14.4,14.3,53.6,89.6,10.4,20260825 1150
2026-08-25T12:09:50.523928+09:00,홍대입구역(2호선),홍대입구역(2호선),POI055,KEY_4,보통,54,1100000,1200000,41.1,58.9,0.1,22.3,37.7,17.8,11.3,10.8,98.0,2.0,20260825 1150
2026-08-25T12:09:50.523928+09:00,회기역,회기역,POI056,KEY_1,분주한,44,1900000,2000000,78.3,21.7,0.0,4.9,9.8,4.3,24.6,56.3,52.4,47.6,20260825 1150
2026-08-25T13:50:49.395640+09:00,광화문·덕수궁,광화문·덕수궁,POI009,KEY_2,분주한,296,8500000,8600000,49.7,50.3,0.6,14.3,28.4,15.6,22.1,18.9,53.8,46.2,20260825 1330
2026-08-25T13:50:49.395640+09:00,보신각,보신각,POI010,KEY_3,분주한,137,4000000,4100000,55.1,44.9,0.0,9.2,20.9,19.5,14.8,35.6,43.5,56.5,20260825 1330
2026-08-25T13:50:49.395640+09:00,강남 MICE 관광특구,강남 MICE 관광특구,POI001,KEY_2,바쁜,74,1100000,1200000,46.0,54.0,0.0,11.5,34.0,29.8,15.2,9.5,67.3,32.7,20260825 1330
2026-08-25T13:50:49.395640+09:00,동대문 관광특구,동대문 관광특구,POI002,KEY_3,바쁜,70,1100000,1200000,38.9,61.1,0.0,6.1,30.0,19.9,17.9,26.1,84.1,15.9,20260825 1330
2026-08-25T13:50:49.395640+09:00,명동 관광특구,명동 관광특구,POI003,KEY_4,분주한,1045,14000000,15000000,48.2,51.8,0.5,15.2,24.1,22.4,16.8,21.1,67.1,32.9,20260825 1330
2026-08-25T13:50:49.395640+09:00,이태원 관광특구,이태원 관광특구,POI004,KEY_1,바쁜,48,1200000,1300000,12.8,87.2,0.0,36.6,11.3,23.4,5.5,23.2,93.2,6.8,20260825 1330
2026-08-25T13:50:49.395640+09:00,잠실 관광특구,잠실 관광특구,POI005,KEY_2,분주한,166,6400000,6500000,48.6,51.4,0.7,7.6,26.4,20.9,26.1,18.3,42.5,57.5,20260825 1330
2026-08-25T13:50:49.395640+09:00,종로·청계 관광특구,종로·청계 관광특구,POI006,KEY_3,바쁜,386,8400000,8500000,45.0,55.0,0.6,11.4,23.0,23.2,13.2,28.5,83.7,16.3,20260825 1330
2026-08-25T13:50:49.395640+09:00,홍대 관광특구,홍대 관광특구,POI007,KEY_4,보통,281,4800000,4900000,43.6,56.4,1.5,30.9,19.6,9.6,14.9,23.6,92.7,7.3,20260825 1330
2026-08-25T13:50:49.395640+09:00,가락시장,가락시장,POI058,KEY_2,보통,25,600000,650000,90.4,9.6,0.0,0.0,12.0,63.5,12.7,11.8,92.5,7.5,20260825 1330
2026-08-25T13:50:49.395640+09:00,가로수길,가로수길,POI059,KEY_3,분주한,169,11000000,12000000,7.1,92.9,0.8,30.3,19.2,3.2,12.4,34.2,88.8,11.2,20260825 1330
2026-08-25T13:50:49.395640+09:00,광장(전통)시장,광장(전통)시장,POI060,KEY_4,바쁜,45,1600000,1700000,58.4,41.6,0.0,17.2,6.8,16.8,14.3,44.9,97.8,2.2,20260825 1330
2026-08-25T13:50:49.395640+09:00,김포공항,김포공항,POI061,KEY_1,보통,11,100000,150000,72.3,27.7,0.0,0.0,31.9,23.4,25.5,19.1,32.0,68.0,20260825 1330
2026-08-25T13:50:49.395640+09:00,남대문시장,남대문시장,POI115,KEY_2,바쁜,99,1900000,2000000,36.9,63.1,0.0,3.6,10.7,16.5,22.1,47.1,81.9,18.1,20260825 1330
2026-08-25T13:50:49.395640+09:00,노량진,노량진,POI063,KEY_3,바쁜,86,750000,800000,53.4,46.6,1.3,23.6,20.8,2.3,33.5,18.4,79.4,20.6,20260825 1330
2026-08-25T13:50:49.395640+09:00,덕수궁길·정동길,덕수궁길·정동길,POI064,KEY_4,바쁜,41,450000,500000,35.9,64.1,0.0,10.4,25.1,27.1,20.5,17.0,92.7,7.3,20260825 1330
2026-08-25T13:50:49.395640+09:00,북창동 먹자골목,북창동 먹자골목,POI114,KEY_1,바쁜,90,1700000,1800000,48.2,51.8,0.0,0.4,29.6,16.6,16.1,37.2,72.4,27.6,20260825 1330
2026-08-25T13:50:49.395640+09:00,북촌한옥마을,북촌한옥마을,POI066,KEY_2,바쁜,57,1000000,1100000,59.3,40.7,2.7,12.4,8.5,48.6,14.7,13.1,84.3,15.7,20260825 1330
2026-08-25T13:50:49.395640+09:00,서촌,서촌,POI067,KEY_3,분주한,65,1600000,1700000,54.9,45.1,0.0,9.7,18.5,22.3,24.8,24.8,70.1,29.9,20260825 1330
2026-08-25T13:50:49.395640+09:00,성수카페거리,성수카페거리,POI068,KEY_4,바쁜,178,3200000,3300000,28.5,71.5,0.1,28.2,42.2,11.1,13.5,4.9,80.1,19.9,20260825 1330
2026-08-25T13:50:49.395640+09:00,송리단길·호수단길,송리단길·호수단길,POI121,KEY_1,보통,40,900000,950000,42.9,57.1,1.5,32.3,10.0,13.7,20.5,21.9,85.4,14.6,20260825 1330
2026-08-25T13:50:49.395640+09:00,신촌 스타광장,신촌 스타광장,POI122,KEY_2,한산한,14,150000,200000,54.2,45.8,2.2,50.8,5.0,15.6,26.3,0.0,100.0,0.0,20260825 1330
2026-08-25T13:50:49.395640+09:00,압구정로데오거리,압구정로데오거리,POI071,KEY_3,보통,126,5100000,5200000,30.8,69.2,5.0,20.1,18.0,24.1,16.3,16.5,69.4,30.6,20260825 1330
2026-08-25T13:50:49.395640+09:00,여의도,여의도,POI072,KEY_4,바쁜,425,9200000,9300000,50.6,49.4,0.0,13.6,21.0,25.8,17.7,21.9,59.2,40.8,20260825 1330
2026-08-25T13:50:49.395640+09:00,연남동,연남동,POI073,KEY_1,보통,36,800000,850000,30.8,69.2,0.0,32.6,24.7,0.9,9.6,32.1,90.9,9.1,20260825 1330
2026-08-25T13:50:49.395640+09:00,영등포 타임스퀘어,영등포 타임스퀘어,POI074,KEY_2,보통,130,2800000,2900000,31.3,68.7,0.1,16.4,17.2,18.8,13.1,34.4,69.6,30.4,20260825 1330
2026-08-25T13:50:49.395640+09:00,용리단길,용리단길,POI076,KEY_3,한산한,24,400000,450000,73.0,27.0,0.0,14.0,14.7,10.9,1.4,58.9,71.1,28.9,20260825 1330
2026-08-25T13:50:49.395640+09:00,이태원 앤틱가구거리,이태원 앤틱가구거리,POI077,KEY_4,바쁜,15,550000,600000,19.6,80.4,0.0,2.9,10.1,15.6,5.8,65.6,89.5,10.5,20260825 1330
2026-08-25T13:50:49.395640+09:00,익선동,익선동,POI116,KEY_1,바쁜,104,1900000,2000000,48.2,51.8,0.0,9.0,14.4,13.0,39.5,24.1,84.7,15.3,20260825 1330
2026-08-25T13:50:49.395640+09:00,인사동,인사동,POI078,KEY_2,분주한,109,2600000,2700000,57.1,42.9,1.3,8.7,15.9,14.5,14.6,45.0,67.7,32.3,20260825 1330
2026-08-25T13:50:49.395640+09:00,잠실롯데타워·석촌호수,잠실롯데타워·석촌호수,POI120,KEY_3,분주한,157,6300000,6400000,48.4,51.6,0.7,7.5,26.3,21.0,26.0,18.5,42.5,57.5,20260825 1330
2026-08-25T13:50:49.395640+09:00,창동 신경제 중심지,창동 신경제 중심지,POI079,KEY_4,바쁜,189,4200000,4300000,39.5,60.5,0.1,10.0,12.8,16.3,16.8,44.0,96.6,3.4,20260825 1330
2026-08-25T13:50:49.395640+09:00,청담동 명품거리,청담동 명품거리,POI080,KEY_1,바쁜,49,1400000,1500000,28.1,71.9,0.0,21.6,26.4,0.7,41.8,9.5,71.9,28.1,20260825 1330
2026-08-25T13:50:49.395640+09:00,청량리 제기동 일대 전통시장,청량리 제기동 일대 전통시장,POI081,KEY_2,보통,41,600000,650000,59.2,40.8,0.0,10.1,0.0,12.4,35.0,42.5,93.8,6.2,20260825 1330
2026-08-25T13:50:49.395640+09:00,해방촌·경리단길,해방촌·경리단길,POI082,KEY_3,한산한,4,10000,20000,0.0,100.0,0.0,71.4,28.6,0.0,0.0,0.0,100.0,0.0,20260825 1330
2026-08-25T13:50:49.395640+09:00,DDP(동대문디자인플라자),DDP(동대문디자인플라자),POI083,KEY_4,바쁜,14,100000,150000,39.4,60.6,0.0,1.5,55.3,17.4,22.7,3.0,94.4,5.6,20260825 1330
2026-08-25T13:50:49.395640+09:00,DMC(디지털미디어시티),DMC(디지털미디어시티),POI084,KEY_1,바쁜,134,2100000,2200000,39.0,61.0,0.0,13.7,26.7,34.2,22.3,3.1,62.6,37.4,20260825 1330
2026-08-25T13:50:49.395640+09:00,가산디지털단지역,가산디지털단지역,POI013,KEY_2,바쁜,225,2600000,2700000,53.6,46.4,0.0,15.9,36.3,18.7,19.2,10.0,71.9,28.1,20260825 1330
2026-08-25T13:50:49.395640+09:00,강남역,강남역,POI014,KEY_3,바쁜,395,12000000,13000000,33.2,66.8,0.5,15.4,34.3,13.1,22.6,14.1,85.7,14.3,20260825 1330
2026-08-25T13:50:49.395640+09:00,건대입구역,건대입구역,POI015,KEY_4,분주한,111,5400000,5500000,51.2,48.8,0.0,9.6,12.1,18.0,19.8,40.4,66.8,33.2,20260825 1330
2026-08-25T13:50:49.395640+09:00,고덕역,고덕역,POI016,KEY_1,한산한,24,350000,400000,58.1,41.9,0.0,0.0,25.4,23.0,20.4,31.3,87.2,12.8,20260825 1330
2026-08-25T13:50:49.395640+09:00,고속터미널역,고속터미널역,POI017,KEY_2,보통,134,1800000,1900000,33.8,66.2,5.4,2.6,16.2,16.4,30.1,29.3,96.1,3.9,20260825 1330
2026-08-25T13:50:49.395640+09:00,교대역,교대역,POI018,KEY_3,분주한,161,3800000,3900000,63.6,36.4,0.9,7.4,9.7,19.1,11.2,51.7,49.8,50.2,20260825 1330
2026-08-25T13:50:49.395640+09:00,구로디지털단지역,구로디지털단지역,POI019,KEY_4,바쁜,169,2300000,2400000,61.6,38.4,0.0,15.9,32.8,23.3,19.9,8.1,68.5,31.5,20260825 1330
2026-08-25T13:50:49.395640+09:00,구로역,구로역,POI020,KEY_1,한산한,12,250000,300000,34.3,65.7,0.0,0.0,19.5,10.1,27.8,42.6,100.0,0.0,20260825 1330
2026-08-25T13:50:49.395640+09:00,군자역,군자역,POI021,KEY_2,바쁜,33,600000,650000,27.6,72.4,0.0,9.8,31.0,0.4,22.4,36.4,81.2,18.8,20260825 1330
2026-08-25T13:50:49.395640+09:00,대림역,대림역,POI023,KEY_3,보통,16,400000,450000,29.8,70.2,0.0,0.0,4.8,17.3,3.6,74.2,92.9,7.1,20260825 1330
2026-08-25T13:50:49.395640+09:00,동대문역,동대문역,POI024,KEY_4,분주한,44,600000,650000,59.2,40.8,0.0,36.5,9.1,29.5,6.4,18.5,60.1,39.9,20260825 1330
2026-08-25T13:50:49.395640+09:00,뚝섬역,뚝섬역,POI025,KEY_1,분주한,80,2000000,2100000,44.6,55.4,0.7,18.5,25.5,9.2,21.0,25.1,52.4,47.6,20260825 1330
2026-08-25T13:50:49.395640+09:00,미아사거리역,미아사거리역,POI026,KEY_2,바쁜,38,1100000,1200000,28.5,71.5,0.0,0.3,5.0,6.9,60.2,27.6,94.7,5.3,20260825 1330
2026-08-25T13:50:49.395640+09:00,발산역,발산역,POI027,KEY_3,바쁜,131,4400000,4500000,31.0,69.0,0.0,18.6,7.0,23.5,15.1,35.8,65.3,34.7,20260825 1330
2026-08-25T13:50:49.395640+09:00,사당역,사당역,POI029,KEY_4,바쁜,67,1500000,1600000,40.7,59.3,0.0,15.1,4.8,28.7,16.2,35.3,73.2,26.8,20260825 1330
2026-08-25T13:50:49.395640+09:00,서울대입구역,서울대입구역,POI031,KEY_2,보통,53,650000,700000,37.3,62.7,0.0,10.2,34.2,12.8,27.0,15.9,98.3,1.7,20260825 1330
2026-08-25T13:50:49.395640+09:00,서울식물원·마곡나루역,서울식물원·마곡나루역,POI032,KEY_3,바쁜,62,1400000,1500000,75.4,24.6,0.0,15.4,18.1,23.9,6.8,35.8,55.0,45.0,20260825 1330
2026-08-25T13:50:49.395640+09:00,서울역,서울역,POI033,KEY_4,분주한,114,4600000,4700000,26.9,73.1,0.0,6.3,21.6,6.3,58.1,7.7,48.6,51.4,20260825 1330
2026-08-25T13:50:49.395640+09:00,선릉역,선릉역,POI034,KEY_1,분주한,278,10000000,11000000,55.7,44.3,0.5,18.2,19.3,20.0,17.3,24.7,27.0,73.0,20260825 1330
2026-08-25T13:50:49.395640+09:00,성신여대입구역,성신여대입구역,POI035,KEY_2,보통,49,600000,650000,34.7,65.3,0.0,10.3,21.4,12.0,15.0,41.4,94.4,5.6,20260825 1330
2026-08-25T13:50:49.395640+09:00,수유역,수유역,POI036,KEY_3,보통,54,750000,800000,40.7,59.3,0.0,10.0,15.2,28.7,12.0,34.1,99.0,1.0,20260825 1330
2026-08-25T13:50:49.395640+09:00,신논현역·논현역,신논현역·논현역,POI037,KEY_2,보통,92,2300000,2400000,68.3,31.7,0.0,8.1,43.5,10.6,15.8,22.0,92.0,8.0,20260825 1330
2026-08-25T13:50:49.395640+09:00,신도림역,신도림역,POI038,KEY_3,바쁜,11,200000,250000,57.6,42.4,0.0,8.9,70.4,7.4,3.9,9.4,100.0,0.0,20260825 1320
2026-08-25T13:50:49.395640+09:00,신림역,신림역,POI039,KEY_4,보통,74,750000,800000,48.9,51.1,4.7,15.4,15.5,21.7,18.5,24.2,98.7,1.3,20260825 1330
2026-08-25T13:50:49.395640+09:00,신정네거리역,신정네거리역,POI117,KEY_1,바쁜,30,500000,550000,54.3,45.7,0.0,2.5,10.8,21.1,25.1,40.6,97.4,2.6,20260825 1330
2026-08-25T13:50:49.395640+09:00,신촌·이대역,신촌·이대역,POI040,KEY_2,분주한,135,4900000,5000000,50.7,49.3,1.9,14.6,15.3,22.0,17.5,28.8,97.8,2.2,20260825 1330
2026-08-25T13:50:49.395640+09:00,쌍문역,쌍문역,POI070,KEY_3,보통,34,550000,600000,24.6,75.4,0.0,0.0,13.9,19.5,20.1,46.4,92.5,7.5,20260825 1330
2026-08-25T13:50:49.395640+09:00,양재역,양재역,POI041,KEY_4,보통,75,1200000,1300000,31.8,68.2,0.0,7.8,19.3,8.5,47.1,17.3,89.9,10.1,20260825 1330
2026-08-25T13:50:49.395640+09:00,역삼역,역삼역,POI042,KEY_1,분주한,240,4600000,4700000,63.9,36.1,0.0,7.7,23.4,25.5,27.5,16.0,54.5,45.5,20260825 1330
2026-08-25T13:50:49.395640+09:00,연신내역,연신내역,POI043,KEY_2,보통,49,850000,900000,47.1,52.9,0.0,4.1,14.7,41.6,19.5,20.0,99.4,0.6,20260825 1330
2026-08-25T13:50:49.395640+09:00,오목교역·목동운동장,오목교역·목동운동장,POI044,KEY_3,보통,107,2100000,2200000,41.1,58.9,0.2,4.1,13.1,19.6,36.5,26.6,87.4,12.6,20260825 1330
2026-08-25T13:50:49.395640+09:00,왕십리역,왕십리역,POI045,KEY_4,보통,66,1400000,1500000,41.0,59.0,0.0,8.0,13.8,7.7,12.2,58.2,74.0,26.0,20260825 1330
2026-08-25T13:50:49.395640+09:00,용산역,용산역,POI046,KEY_1,바쁜,143,3000000,3100000,39.3,60.7,1.1,18.0,18.7,24.0,21.5,16.6,91.9,8.1,20260825 1330
2026-08-25T13:50:49.395640+09:00,이태원역,이태원역,POI047,KEY_2,한산한,15,200000,250000,21.2,78.8,0.0,56.2,12.4,12.2,16.6,2.5,88.9,11.1,20260825 1330
2026-08-25T13:50:49.395640+09:00,잠실새내역,잠실새내역,POI118,KEY_3,보통,84,1400000,1500000,68.0,32.0,7.4,2.0,7.9,29.2,17.4,36.1,89.3,10.7,20260825 1330
2026-08-25T13:50:49.395640+09:00,잠실역,잠실역,POI119,KEY_4,분주한,105,5100000,5200000,50.4,49.6,0.0,4.0,30.7,19.9,25.4,20.0,35.6,64.4,20260825 1330
2026-08-25T13:50:49.395640+09:00,장지역,장지역,POI048,KEY_1,보통,54,1300000,1400000,50.3,49.7,0.0,3.9,8.8,19.1,11.3,56.9,94.9,5.1,20260825 1330
2026-08-25T13:50:49.395640+09:00,장한평역,장한평역,POI049,KEY_2,바쁜,32,350000,400000,74.3,25.7,0.0,8.6,10.2,28.4,12.5,40.3,81.2,18.8,20260825 1330
2026-08-25T13:50:49.395640+09:00,천호역,천호역,POI050,KEY_3,보통,62,700000,750000,48.6,51.4,0.0,10.9,11.7,34.3,9.0,34.0,94.3,5.7,20260825 1330
2026-08-25T13:50:49.395640+09:00,총신대입구(이수)역,총신대입구(이수)역,POI051,KEY_4,보통,71,1600000,1700000,53.6,46.4,3.7,6.0,14.8,18.6,17.7,39.2,49.6,50.4,20260825 1330
2026-08-25T13:50:49.395640+09:00,충정로역,충정로역,POI052,KEY_1,바쁜,17,300000,350000,35.1,64.9,0.0,0.0,28.4,14.2,19.6,37.8,44.3,55.7,20260825 1330
2026-08-25T13:50:49.395640+09:00,합정역,합정역,POI053,KEY_2,바쁜,52,1200000,1300000,47.1,52.9,0.0,14.1,11.2,12.5,27.1,35.1,65.7,34.3,20260825 1330
2026-08-25T13:50:49.395640+09:00,혜화역,혜화역,POI054,KEY_3,바쁜,76,2300000,2400000,60.8,39.2,1.9,5.2,18.5,4.4,58.9,11.0,79.0,21.0,20260825 1330
2026-08-25T13:50:49.395640+09:00,홍대입구역(2호선),홍대입구역(2호선),POI055,KEY_4,보통,44,650000,700000,49.6,50.4,8.2,21.3,25.9,0.0,20.5,24.1,99.3,0.7,20260825 1330
2026-08-25T13:50:49.395640+09:00,회기역,회기역,POI056,KEY_1,바쁜,45,650000,700000,70.1,29.9,4.1,29.9,13.1,9.7,12.6,30.6,83.4,16.6,20260825 1330
2026-08-25T14:42:05.613969+09:00,광화문·덕수궁,광화문·덕수궁,POI009,KEY_2,바쁜,181,3800000,3900000,42.7,57.3,0.0,16.4,16.4,17.6,19.6,29.9,77.4,22.6,20260825 1420
2026-08-25T14:42:05.613969+09:00,보신각,보신각,POI010,KEY_3,바쁜,77,1900000,2000000,47.2,52.8,0.0,17.3,19.4,36.8,7.0,19.5,47.0,53.0,20260825 1420
2026-08-25T14:42:05.613969+09:00,강남 MICE 관광특구,강남 MICE 관광특구,POI001,KEY_2,바쁜,55,1000000,1100000,39.0,61.0,0.0,29.6,18.2,30.5,10.4,11.3,76.2,23.8,20260825 1420
2026-08-25T14:42:05.613969+09:00,동대문 관광특구,동대문 관광특구,POI002,KEY_3,보통,62,700000,750000,47.3,52.7,5.9,22.1,12.7,19.7,25.6,13.9,90.7,9.3,20260825 1420
2026-08-25T14:42:05.613969+09:00,명동 관광특구,명동 관광특구,POI003,KEY_4,보통,777,7600000,7700000,44.9,55.1,1.4,10.7,20.7,20.6,20.9,25.7,71.5,28.5,20260825 1420
2026-08-25T14:42:05.613969+09:00,이태원 관광특구,이태원 관광특구,POI004,KEY_1,보통,28,650000,700000,56.2,43.8,0.0,15.5,17.5,38.8,26.2,2.0,96.5,3.5,20260825 1420
2026-08-25T14:42:05.613969+09:00,잠실 관광특구,잠실 관광특구,POI005,KEY_2,바쁜,135,3100000,3200000,35.8,64.2,0.0,10.5,15.1,33.2,17.1,24.1,88.9,11.1,20260825 1420
2026-08-25T14:42:05.613969+09:00,종로·청계 관광특구,종로·청계 관광특구,POI006,KEY_3,바쁜,302,8000000,8100000,54.9,45.1,0.0,6.7,15.8,31.1,20.7,25.7,81.4,18.6,20260825 1420
2026-08-25T14:42:05.613969+09:00,홍대 관광특구,홍대 관광특구,POI007,KEY_4,보통,271,5100000,5200000,42.0,58.0,2.0,52.1,21.3,6.8,10.2,7.6,89.5,10.5,20260825 1420
2026-08-25T14:42:05.613969+09:00,가락시장,가락시장,POI058,KEY_2,한산한,9,250000,300000,67.4,32.6,0.0,0.0,0.0,12.9,18.3,68.8,100.0,0.0,20260825 1420
2026-08-25T14:42:05.613969+09:00,가로수길,가로수길,POI059,KEY_3,보통,105,5000000,5100000,19.3,80.7,4.9,7.8,9.9,5.0,33.2,39.1,97.7,2.3,20260825 1420
2026-08-25T14:42:05.613969+09:00,광장(전통)시장,광장(전통)시장,POI060,KEY_4,분주한,53,2900000,3000000,83.7,16.3,0.1,0.9,17.9,40.4,16.6,24.1,97.8,2.2,20260825 1420
2026-08-25T14:42:05.613969+09:00,김포공항,김포공항,POI061,KEY_1,한산한,8,40000,50000,78.3,21.7,0.0,4.3,0.0,32.6,30.4,32.6,100.0,0.0,20260825 1420
2026-08-25T14:42:05.613969+09:00,남대문시장,남대문시장,POI115,KEY_2,분주한,86,2600000,2700000,34.3,65.7,0.0,6.0,13.6,12.8,32.2,35.4,59.5,40.5,20260825 1420
2026-08-25T14:42:05.613969+09:00,노량진,노량진,POI063,KEY_3,바쁜,49,1000000,1100000,73.3,26.7,2.4,2.4,3.0,1.7,76.5,14.0,98.6,1.4,20260825 1420
2026-08-25T14:42:05.613969+09:00,덕수궁길·정동길,덕수궁길·정동길,POI064,KEY_4,바쁜,36,450000,500000,21.2,78.8,0.0,6.6,14.6,39.1,28.5,11.3,74.8,25.2,20260825 1420
2026-08-25T14:42:05.613969+09:00,북창동 먹자골목,북창동 먹자골목,POI114,KEY_1,보통,52,750000,800000,37.8,62.2,0.5,0.6,13.5,58.1,6.7,20.5,100.0,0.0,20260825 1420
2026-08-25T14:42:05.613969+09:00,북촌한옥마을,북촌한옥마을,POI066,KEY_2,보통,49,650000,700000,20.8,79.2,0.0,13.6,11.6,11.6,10.6,52.6,84.9,15.1,20260825 1420
2026-08-25T14:42:05.613969+09:00,서촌,서촌,POI067,KEY_3,보통,45,800000,850000,24.0,76.0,0.0,7.1,25.1,21.9,26.7,19.3,100.0,0.0,20260825 1430
2026-08-25T14:42:05.613969+09:00,성수카페거리,성수카페거리,POI068,KEY_4,보통,88,2500000,2600000,41.2,58.8,5.2,32.6,36.4,13.3,8.3,4.3,92.5,7.5,20260825 1430
2026-08-25T14:42:05.613969+09:00,송리단길·호수단길,송리단길·호수단길,POI121,KEY_1,분주한,40,2800000,2900000,7.5,92.5,0.0,4.0,2.8,70.7,2.4,20.1,98.6,1.4,20260825 1430
2026-08-25T14:42:05.613969+09:00,신촌 스타광장,신촌 스타광장,POI122,KEY_2,한산한,9,80000,90000,85.7,14.3,0.0,7.8,10.4,23.4,0.0,58.4,92.7,7.3,20260825 1430
2026-08-25T14:42:05.613969+09:00,압구정로데오거리,압구정로데오거리,POI071,KEY_3,보통,69,4100000,4200000,54.0,46.0,0.7,24.9,22.2,6.8,21.5,24.0,75.0,25.0,20260825 1430
2026-08-25T14:42:05.613969+09:00,여의도,여의도,POI072,KEY_4,바쁜,233,8900000,9000000,31.0,69.0,0.0,2.7,12.5,16.8,41.5,26.4,88.3,11.7,20260825 1430
2026-08-25T14:42:05.613969+09:00,연남동,연남동,POI073,KEY_1,보통,39,500000,550000,37.6,62.4,0.0,62.9,18.7,4.8,13.2,0.4,89.4,10.6,20260825 1430
2026-08-25T14:42:05.613969+09:00,영등포 타임스퀘어,영등포 타임스퀘어,POI074,KEY_2,바쁜,99,3700000,3800000,25.0,75.0,0.0,2.6,40.3,6.9,24.3,26.0,99.5,0.5,20260825 1430
2026-08-25T14:42:05.613969+09:00,용리단길,용리단길,POI076,KEY_3,한산한,11,250000,300000,28.6,71.4,0.0,23.4,0.0,19.0,4.0,53.6,95.4,4.6,20260825 1420
2026-08-25T14:42:05.613969+09:00,이태원 앤틱가구거리,이태원 앤틱가구거리,POI077,KEY_4,한산한,4,10000,20000,78.6,21.4,0.0,21.4,78.6,0.0,0.0,0.0,100.0,0.0,20260825 1350
2026-08-25T14:42:05.613969+09:00,익선동,익선동,POI116,KEY_1,보통,43,800000,850000,64.8,35.2,0.0,11.7,23.1,7.3,13.3,44.6,100.0,0.0,20260825 1430
2026-08-25T14:42:05.613969+09:00,인사동,인사동,POI078,KEY_2,보통,57,800000,850000,34.5,65.5,0.0,21.8,12.9,12.8,17.7,34.7,90.6,9.4,20260825 1430
2026-08-25T14:42:05.613969+09:00,잠실롯데타워·석촌호수,잠실롯데타워·석촌호수,POI120,KEY_3,보통,136,2300000,2400000,40.1,59.9,2.9,11.4,25.4,19.0,13.9,27.5,92.6,7.4,20260825 1430
2026-08-25T14:42:05.613969+09:00,창동 신경제 중심지,창동 신경제 중심지,POI079,KEY_4,보통,170,3600000,3700000,45.3,54.7,0.1,2.2,17.2,19.2,24.5,36.9,99.6,0.4,20260825 1430
2026-08-25T14:42:05.613969+09:00,청담동 명품거리,청담동 명품거리,POI080,KEY_1,한산한,23,150000,200000,39.3,60.7,0.0,5.8,39.9,12.1,31.8,10.4,87.4,12.6,20260825 1430
2026-08-25T14:42:05.613969+09:00,청량리 제기동 일대 전통시장,청량리 제기동 일대 전통시장,POI081,KEY_2,분주한,50,1600000,1700000,52.4,47.6,0.0,0.5,14.3,7.3,9.5,68.4,91.4,8.6,20260825 1430
2026-08-25T14:42:05.613969+09:00,해방촌·경리단길,해방촌·경리단길,POI082,KEY_3,바쁜,13,250000,300000,33.3,66.7,0.0,30.6,10.2,40.7,18.5,0.0,75.5,24.5,20260825 1430
2026-08-25T14:42:05.613969+09:00,DDP(동대문디자인플라자),DDP(동대문디자인플라자),POI083,KEY_4,한산한,6,40000,50000,58.5,41.5,0.0,4.9,0.0,17.1,78.0,0.0,100.0,0.0,20260825 1430
2026-08-25T14:42:05.613969+09:00,DMC(디지털미디어시티),DMC(디지털미디어시티),POI084,KEY_1,바쁜,84,850000,900000,57.2,42.8,0.0,4.0,23.6,35.4,25.9,11.1,83.5,16.5,20260825 1430
2026-08-25T14:42:05.613969+09:00,가산디지털단지역,가산디지털단지역,POI013,KEY_2,보통,69,1300000,1400000,39.7,60.3,0.2,2.7,14.8,17.6,38.1,26.7,79.3,20.7,20260825 1430
2026-08-25T14:42:05.613969+09:00,강남역,강남역,POI014,KEY_3,바쁜,223,15000000,16000000,11.4,88.6,0.2,50.4,11.1,15.7,5.3,17.3,95.7,4.3,20260825 1430
2026-08-25T14:42:05.613969+09:00,건대입구역,건대입구역,POI015,KEY_4,바쁜,92,3600000,3700000,31.3,68.7,2.8,11.9,8.1,7.9,8.9,60.5,98.9,1.1,20260825 1430
2026-08-25T14:42:05.613969+09:00,고덕역,고덕역,POI016,KEY_1,한산한,25,400000,450000,45.8,54.2,0.0,6.2,23.6,19.2,10.8,40.1,100.0,0.0,20260825 1430
2026-08-25T14:42:05.613969+09:00,고속터미널역,고속터미널역,POI017,KEY_2,바쁜,124,2700000,2800000,29.4,70.6,0.8,9.6,25.8,14.6,19.6,29.7,95.7,4.3,20260825 1430
2026-08-25T14:42:05.613969+09:00,교대역,교대역,POI018,KEY_3,보통,59,850000,900000,49.0,51.0,0.0,5.2,5.4,23.2,35.3,30.9,90.1,9.9,20260825 1430
2026-08-25T14:42:05.613969+09:00,구로디지털단지역,구로디지털단지역,POI019,KEY_4,보통,76,750000,800000,42.7,57.3,0.0,12.2,20.2,9.1,37.2,21.4,94.2,5.8,20260825 1430
2026-08-25T14:42:05.613969+09:00,구로역,구로역,POI020,KEY_1,한산한,4,100000,150000,59.2,40.8,0.0,0.0,6.5,16.4,30.7,46.3,100.0,0.0,20260825 1430
2026-08-25T14:42:05.613969+09:00,군자역,군자역,POI021,KEY_2,보통,19,300000,350000,49.4,50.6,0.0,1.8,39.3,22.5,14.2,22.2,100.0,0.0,20260825 1430
2026-08-25T14:42:05.613969+09:00,대림역,대림역,POI023,KEY_3,보통,15,300000,350000,29.0,71.0,0.0,4.9,32.4,0.0,55.2,7.4,100.0,0.0,20260825 1430
2026-08-25T14:42:05.613969+09:00,동대문역,동대문역,POI024,KEY_4,분주한,38,1100000,1200000,24.3,75.7,0.0,12.3,17.2,15.5,33.2,21.8,96.6,3.4,20260825 1430
2026-08-25T14:42:05.613969+09:00,뚝섬역,뚝섬역,POI025,KEY_1,보통,67,750000,800000,51.1,48.9,0.0,13.5,32.5,19.4,22.6,12.0,95.9,4.1,20260825 1430
2026-08-25T14:42:05.613969+09:00,미아사거리역,미아사거리역,POI026,KEY_2,한산한,33,400000,450000,58.6,41.4,0.7,10.7,2.8,20.7,6.1,59.1,93.2,6.8,20260825 1430
2026-08-25T14:42:05.613969+09:00,발산역,발산역,POI027,KEY_3,보통,96,2300000,2400000,24.5,75.5,0.0,20.0,4.6,22.0,9.4,44.0,94.6,5.4,20260825 1430
2026-08-25T14:42:05.613969+09:00,사당역,사당역,POI029,KEY_4,보통,54,1100000,1200000,55.9,44.1,0.0,5.9,16.7,12.1,16.5,48.8,92.5,7.5,20260825 1430
2026-08-25T14:42:05.613969+09:00,서울대입구역,서울대입구역,POI031,KEY_2,보통,61,800000,850000,55.2,44.8,0.0,15.4,42.0,15.2,7.2,20.1,98.0,2.0,20260825 1430
2026-08-25T14:42:05.613969+09:00,서울식물원·마곡나루역,서울식물원·마곡나루역,POI032,KEY_3,보통,42,650000,700000,49.3,50.7,0.0,4.6,9.1,52.2,15.4,18.7,78.0,22.0,20260825 1430
2026-08-25T14:42:05.613969+09:00,서울역,서울역,POI033,KEY_4,바쁜,47,1800000,1900000,14.4,85.6,0.0,7.1,7.0,75.4,5.0,5.5,95.8,4.2,20260825 1430
2026-08-25T14:42:05.613969+09:00,선릉역,선릉역,POI034,KEY_1,바쁜,116,3300000,3400000,74.2,25.8,0.0,2.9,26.3,38.6,11.8,20.5,77.8,22.2,20260825 1430
2026-08-25T14:42:05.613969+09:00,성신여대입구역,성신여대입구역,POI035,KEY_2,보통,34,700000,750000,53.7,46.3,0.0,29.4,4.1,2.3,21.4,42.8,94.8,5.2,20260825 1430
2026-08-25T14:42:05.613969+09:00,수유역,수유역,POI036,KEY_3,보통,59,800000,850000,50.5,49.5,0.0,16.0,7.1,20.3,6.3,50.3,91.3,8.7,20260825 1430
2026-08-25T14:42:05.613969+09:00,신논현역·논현역,신논현역·논현역,POI037,KEY_2,분주한,48,7400000,7500000,46.6,53.4,0.0,58.7,13.6,8.1,12.8,6.9,99.7,0.3,20260825 1430
2026-08-25T14:42:05.613969+09:00,신도림역,신도림역,POI038,KEY_3,바쁜,12,100000,150000,52.9,47.1,0.0,3.4,8.0,80.5,0.0,8.0,83.7,16.3,20260825 1400
2026-08-25T14:42:05.613969+09:00,신림역,신림역,POI039,KEY_4,보통,77,1000000,1100000,41.6,58.4,0.0,6.6,20.9,6.0,9.5,57.0,95.7,4.3,20260825 1430
2026-08-25T14:42:05.613969+09:00,신정네거리역,신정네거리역,POI117,KEY_1,한산한,15,150000,200000,36.9,63.1,0.0,2.1,17.6,6.4,18.2,55.6,100.0,0.0,20260825 1430
2026-08-25T14:42:05.613969+09:00,신촌·이대역,신촌·이대역,POI040,KEY_2,보통,116,1900000,2000000,48.1,51.9,0.3,15.5,9.6,10.0,20.1,44.5,91.1,8.9,20260825 1430
2026-08-25T14:42:05.613969+09:00,쌍문역,쌍문역,POI070,KEY_3,보통,25,550000,600000,34.3,65.7,0.0,19.6,12.3,38.8,6.6,22.7,98.3,1.7,20260825 1430
2026-08-25T14:42:05.613969+09:00,양재역,양재역,POI041,KEY_4,바쁜,59,1800000,1900000,23.9,76.1,0.0,4.0,17.9,6.3,8.3,63.6,70.3,29.7,20260825 1430
2026-08-25T14:42:05.613969+09:00,역삼역,역삼역,POI042,KEY_1,바쁜,117,1700000,1800000,49.6,50.4,0.0,10.8,32.6,23.2,14.9,18.4,78.4,21.6,20260825 1430
2026-08-25T14:42:05.613969+09:00,연신내역,연신내역,POI043,KEY_2,보통,46,1200000,1300000,28.7,71.3,0.0,32.1,3.5,9.9,24.9,29.7,100.0,0.0,20260825 1430
2026-08-25T14:42:05.613969+09:00,오목교역·목동운동장,오목교역·목동운동장,POI044,KEY_3,보통,122,2300000,2400000,50.4,49.6,0.0,8.6,17.8,10.5,27.2,35.9,94.0,6.0,20260825 1430
2026-08-25T14:42:05.613969+09:00,왕십리역,왕십리역,POI045,KEY_4,보통,65,1400000,1500000,28.1,71.9,0.8,4.9,9.6,17.8,20.9,45.9,96.1,3.9,20260825 1430
2026-08-25T14:42:05.613969+09:00,용산역,용산역,POI046,KEY_1,보통,110,2100000,2200000,49.6,50.4,1.5,16.4,17.7,22.2,25.3,17.0,91.0,9.0,20260825 1430
2026-08-25T14:42:05.613969+09:00,이태원역,이태원역,POI047,KEY_2,한산한,5,10000,20000,69.7,30.3,0.0,32.9,10.3,0.2,0.0,56.6,92.0,8.0,20260825 1430
2026-08-25T14:42:05.613969+09:00,잠실새내역,잠실새내역,POI118,KEY_3,보통,84,1400000,1500000,41.1,58.9,4.3,6.0,13.9,19.6,31.7,24.4,93.6,6.4,20260825 1430
2026-08-25T14:42:05.613969+09:00,잠실역,잠실역,POI119,KEY_4,바쁜,103,1800000,1900000,37.4,62.6,0.2,14.1,27.3,17.7,14.0,26.8,93.3,6.7,20260825 1430
2026-08-25T14:42:05.613969+09:00,장지역,장지역,POI048,KEY_1,보통,47,1300000,1400000,30.4,69.6,0.0,3.8,8.6,45.5,19.1,22.9,96.2,3.8,20260825 1430
2026-08-25T14:42:05.613969+09:00,장한평역,장한평역,POI049,KEY_2,바쁜,27,550000,600000,48.2,51.8,0.0,21.1,3.6,43.9,24.7,6.7,85.5,14.5,20260825 1430
2026-08-25T14:42:05.613969+09:00,천호역,천호역,POI050,KEY_3,보통,48,750000,800000,26.6,73.4,0.0,6.2,6.7,48.7,10.0,28.4,99.4,0.6,20260825 1430
2026-08-25T14:42:05.613969+09:00,총신대입구(이수)역,총신대입구(이수)역,POI051,KEY_4,바쁜,75,1800000,1900000,33.7,66.3,0.9,28.0,3.7,7.3,21.4,38.7,98.9,1.1,20260825 1430
2026-08-25T14:42:05.613969+09:00,충정로역,충정로역,POI052,KEY_1,한산한,8,20000,30000,57.7,42.3,0.0,23.1,3.8,23.1,50.0,0.0,100.0,0.0,20260825 1420
2026-08-25T14:42:05.613969+09:00,합정역,합정역,POI053,KEY_2,바쁜,46,900000,950000,60.1,39.9,0.7,14.9,8.2,25.1,15.8,35.3,96.7,3.3,20260825 1430
2026-08-25T14:42:05.613969+09:00,혜화역,혜화역,POI054,KEY_3,분주한,85,2800000,2900000,44.7,55.3,0.3,4.5,11.0,6.7,10.6,67.0,97.1,2.9,20260825 1430
2026-08-25T14:42:05.613969+09:00,홍대입구역(2호선),홍대입구역(2호선),POI055,KEY_4,한산한,34,600000,650000,22.1,77.9,3.5,27.3,14.0,18.6,33.9,2.7,100.0,0.0,20260825 1430
2026-08-25T14:42:05.613969+09:00,회기역,회기역,POI056,KEY_1,한산한,27,100000,150000,49.5,50.5,0.0,21.1,0.0,24.8,45.9,8.3,100.0,0.0,20260825 1430
2026-08-25T16:04:22.925570+09:00,광화문·덕수궁,광화문·덕수궁,POI009,KEY_2,보통,121,2300000,2400000,64.0,36.0,0.1,9.3,16.3,21.3,11.3,41.8,94.9,5.1,20260825 1550
2026-08-25T16:04:22.925570+09:00,보신각,보신각,POI010,KEY_3,보통,56,800000,850000,48.8,51.2,4.9,18.4,9.7,9.3,46.1,11.6,96.2,3.8,20260825 1550
2026-08-25T16:04:22.925570+09:00,강남 MICE 관광특구,강남 MICE 관광특구,POI001,KEY_2,분주한,37,2800000,2900000,16.6,83.4,0.2,0.9,12.8,1.9,0.9,83.3,97.2,2.8,20260825 1550
2026-08-25T16:04:22.925570+09:00,동대문 관광특구,동대문 관광특구,POI002,KEY_3,바쁜,54,1200000,1300000,37.8,62.2,1.2,7.6,48.3,10.1,2.5,30.3,97.3,2.7,20260825 1550
2026-08-25T16:04:22.925570+09:00,명동 관광특구,명동 관광특구,POI003,KEY_4,보통,601,7500000,7600000,44.2,55.8,1.6,11.1,13.5,20.3,16.4,37.1,84.2,15.8,20260825 1550
2026-08-25T16:04:22.925570+09:00,이태원 관광특구,이태원 관광특구,POI004,KEY_1,한산한,25,250000,300000,43.3,56.7,7.3,15.8,40.5,30.4,2.8,3.2,95.3,4.7,20260825 1550
2026-08-25T16:04:22.925570+09:00,잠실 관광특구,잠실 관광특구,POI005,KEY_2,바쁜,168,3500000,3600000,22.2,77.8,0.1,9.8,12.7,9.8,61.7,5.9,97.3,2.7,20260825 1550
2026-08-25T16:04:22.925570+09:00,종로·청계 관광특구,종로·청계 관광특구,POI006,KEY_3,보통,200,5600000,5700000,62.7,37.3,1.5,10.7,17.3,17.0,13.5,40.0,89.3,10.7,20260825 1550
2026-08-25T16:04:22.925570+09:00,홍대 관광특구,홍대 관광특구,POI007,KEY_4,보통,273,4300000,4400000,36.0,64.0,11.3,34.2,13.9,14.0,17.9,8.6,99.1,0.9,20260825 1550
2026-08-25T16:04:22.925570+09:00,가락시장,가락시장,POI058,KEY_2,바쁜,15,650000,700000,47.2,52.8,0.0,0.0,0.6,0.0,17.4,82.0,100.0,0.0,20260825 1550
2026-08-25T16:04:22.925570+09:00,가로수길,가로수길,POI059,KEY_3,분주한,94,14000000,15000000,41.3,58.7,0.1,42.2,25.6,12.8,18.6,0.7,99.3,0.7,20260825 1550
2026-08-25T16:04:22.925570+09:00,광장(전통)시장,광장(전통)시장,POI060,KEY_4,보통,27,850000,900000,73.4,26.6,3.5,0.4,45.8,6.9,7.9,35.5,100.0,0.0,20260825 1550
2026-08-25T16:04:22.925570+09:00,김포공항,김포공항,POI061,KEY_1,한산한,13,100000,150000,36.9,63.1,0.0,0.0,23.3,50.5,4.9,21.4,100.0,0.0,20260825 1550
2026-08-25T16:04:22.925570+09:00,남대문시장,남대문시장,POI115,KEY_2,바쁜,62,1600000,1700000,44.7,55.3,0.0,5.8,5.8,10.0,12.2,66.3,99.8,0.2,20260825 1550
2026-08-25T16:04:22.925570+09:00,노량진,노량진,POI063,KEY_3,한산한,33,150000,200000,71.0,29.0,1.2,28.4,4.9,27.8,16.0,21.6,99.4,0.6,20260825 1550
2026-08-25T16:04:22.925570+09:00,덕수궁길·정동길,덕수궁길·정동길,POI064,KEY_4,바쁜,25,400000,450000,14.8,85.2,0.0,0.5,65.4,13.5,8.1,12.5,96.1,3.9,20260825 1550
2026-08-25T16:04:22.925570+09:00,북창동 먹자골목,북창동 먹자골목,POI114,KEY_1,보통,28,500000,550000,23.0,77.0,0.0,9.2,3.3,12.7,2.0,72.7,99.6,0.4,20260825 1550
2026-08-25T16:04:22.925570+09:00,북촌한옥마을,북촌한옥마을,POI066,KEY_2,보통,34,450000,500000,29.6,70.4,0.0,23.8,4.5,7.3,27.4,37.0,94.5,5.5,20260825 1550
2026-08-25T16:04:22.925570+09:00,서촌,서촌,POI067,KEY_3,보통,30,500000,550000,20.5,79.5,6.9,30.5,5.8,10.2,41.6,5.0,66.7,33.3,20260825 1550
2026-08-25T16:04:22.925570+09:00,성수카페거리,성수카페거리,POI068,KEY_4,보통,71,850000,900000,46.0,54.0,7.2,46.6,15.3,14.8,6.2,10.0,95.6,4.4,20260825 1550
2026-08-25T16:04:22.925570+09:00,송리단길·호수단길,송리단길·호수단길,POI121,KEY_1,한산한,33,350000,400000,31.4,68.6,1.7,27.4,14.4,15.8,16.0,24.8,100.0,0.0,20260825 1550
2026-08-25T16:04:22.925570+09:00,신촌 스타광장,신촌 스타광장,POI122,KEY_2,한산한,18,100000,150000,23.1,76.9,0.0,28.4,7.5,23.1,4.5,36.6,94.4,5.6,20260825 1550
2026-08-25T16:04:22.925570+09:00,압구정로데오거리,압구정로데오거리,POI071,KEY_3,보통,64,5600000,5700000,76.5,23.5,0.5,12.1,9.2,30.8,4.3,43.1,94.8,5.2,20260825 1550
2026-08-25T16:04:22.925570+09:00,여의도,여의도,POI072,KEY_4,바쁜,241,6100000,6200000,55.7,44.3,0.0,4.0,14.7,49.8,16.9,14.5,79.2,20.8,20260825 1550
2026-08-25T16:04:22.925570+09:00,연남동,연남동,POI073,KEY_1,보통,38,400000,450000,19.7,80.3,5.8,47.8,21.8,4.9,4.1,15.5,100.0,0.0,20260825 1550
2026-08-25T16:04:22.925570+09:00,영등포 타임스퀘어,영등포 타임스퀘어,POI074,KEY_2,보통,71,1600000,1700000,36.7,63.3,0.1,18.4,26.1,21.9,9.3,24.2,100.0,0.0,20260825 1550
2026-08-25T16:04:22.925570+09:00,용리단길,용리단길,POI076,KEY_3,한산한,4,100000,150000,0.0,100.0,0.0,20.5,0.0,79.5,0.0,0.0,100.0,0.0,20260825 1550
2026-08-25T16:04:22.925570+09:00,이태원 앤틱가구거리,이태원 앤틱가구거리,POI077,KEY_4,한산한,10,90000,100000,73.4,26.6,0.0,3.2,66.0,23.4,7.4,0.0,100.0,0.0,20260825 1550
2026-08-25T16:04:22.925570+09:00,익선동,익선동,POI116,KEY_1,바쁜,37,1700000,1800000,10.7,89.3,0.0,24.7,4.0,63.1,3.0,5.2,99.2,0.8,20260825 1550
2026-08-25T16:04:22.925570+09:00,인사동,인사동,POI078,KEY_2,보통,40,500000,550000,29.1,70.9,0.7,29.8,6.5,3.9,14.3,44.8,91.8,8.2,20260825 1550
2026-08-25T16:04:22.925570+09:00,잠실롯데타워·석촌호수,잠실롯데타워·석촌호수,POI120,KEY_3,바쁜,157,3400000,3500000,22.5,77.5,0.1,10.1,12.4,10.0,61.6,5.7,97.2,2.8,20260825 1550
2026-08-25T16:04:22.925570+09:00,창동 신경제 중심지,창동 신경제 중심지,POI079,KEY_4,바쁜,154,4500000,4600000,26.8,73.2,0.1,4.1,45.8,14.5,18.3,17.1,99.4,0.6,20260825 1550
2026-08-25T16:04:22.925570+09:00,청담동 명품거리,청담동 명품거리,POI080,KEY_1,분주한,22,2900000,3000000,94.0,6.0,0.0,2.9,2.6,16.4,2.2,75.9,93.3,6.7,20260825 1550
2026-08-25T16:04:22.925570+09:00,청량리 제기동 일대 전통시장,청량리 제기동 일대 전통시장,POI081,KEY_2,보통,41,650000,700000,61.4,38.6,0.0,2.9,12.7,4.6,6.6,73.1,98.9,1.1,20260825 1550
2026-08-25T16:04:22.925570+09:00,해방촌·경리단길,해방촌·경리단길,POI082,KEY_3,보통,12,150000,200000,13.9,86.1,1.2,9.8,22.0,0.0,0.0,67.1,87.0,13.0,20260825 1550
2026-08-25T16:04:22.925570+09:00,DDP(동대문디자인플라자),DDP(동대문디자인플라자),POI083,KEY_4,보통,9,90000,100000,25.0,75.0,0.0,44.4,0.0,30.6,25.0,0.0,77.4,22.6,20260825 1550
2026-08-25T16:04:22.925570+09:00,DMC(디지털미디어시티),DMC(디지털미디어시티),POI084,KEY_1,바쁜,66,1100000,1200000,32.1,67.9,0.8,7.7,15.4,47.7,4.4,24.0,97.5,2.5,20260825 1550
2026-08-25T16:04:22.925570+09:00,가산디지털단지역,가산디지털단지역,POI013,KEY_2,보통,82,1600000,1700000,79.5,20.5,0.4,0.5,24.6,48.4,12.3,13.8,90.1,9.9,20260825 1550
2026-08-25T16:04:22.925570+09:00,강남역,강남역,POI014,KEY_3,분주한,250,16000000,17000000,18.0,82.0,1.1,20.9,25.5,8.1,33.3,11.1,96.4,3.6,20260825 1550
2026-08-25T16:04:22.925570+09:00,건대입구역,건대입구역,POI015,KEY_4,보통,115,2700000,2800000,52.9,47.1,0.4,21.0,12.0,7.0,15.5,44.0,98.5,1.5,20260825 1550
2026-08-25T16:04:22.925570+09:00,고덕역,고덕역,POI016,KEY_1,바쁜,37,1000000,1100000,30.4,69.6,0.4,0.0,29.3,22.7,11.1,36.5,96.5,3.5,20260825 1550
2026-08-25T16:04:22.925570+09:00,고속터미널역,고속터미널역,POI017,KEY_2,보통,104,1200000,1300000,35.4,64.6,1.0,8.3,13.4,16.0,46.0,15.3,98.9,1.1,20260825 1550
2026-08-25T16:04:22.925570+09:00,교대역,교대역,POI018,KEY_3,바쁜,59,2600000,2700000,23.9,76.1,0.0,1.4,18.5,4.4,61.3,14.5,97.9,2.1,20260825 1550
2026-08-25T16:04:22.925570+09:00,구로디지털단지역,구로디지털단지역,POI019,KEY_4,바쁜,61,2800000,2900000,90.5,9.5,0.0,8.9,77.4,2.3,8.9,2.5,96.7,3.3,20260825 1550
2026-08-25T16:04:22.925570+09:00,구로역,구로역,POI020,KEY_1,분주한,28,1000000,1100000,9.9,90.1,0.0,0.0,0.7,25.9,28.5,45.0,100.0,0.0,20260825 1550
2026-08-25T16:04:22.925570+09:00,군자역,군자역,POI021,KEY_2,한산한,17,250000,300000,26.5,73.5,0.0,0.0,16.1,6.4,3.6,73.9,94.7,5.3,20260825 1550
2026-08-25T16:04:22.925570+09:00,대림역,대림역,POI023,KEY_3,한산한,18,100000,150000,40.8,59.2,1.6,8.8,8.0,9.6,12.0,60.0,66.5,33.5,20260825 1550
2026-08-25T16:04:22.925570+09:00,동대문역,동대문역,POI024,KEY_4,보통,24,150000,200000,67.0,33.0,0.0,35.8,16.2,5.6,11.7,30.7,100.0,0.0,20260825 1550
2026-08-25T16:04:22.925570+09:00,뚝섬역,뚝섬역,POI025,KEY_1,보통,34,350000,400000,57.7,42.3,0.0,9.1,12.8,14.1,20.9,43.1,100.0,0.0,20260825 1550
2026-08-25T16:04:22.925570+09:00,미아사거리역,미아사거리역,POI026,KEY_2,바쁜,29,1400000,1500000,10.1,89.9,0.0,0.6,9.3,8.8,75.6,5.7,100.0,0.0,20260825 1550
2026-08-25T16:04:22.925570+09:00,발산역,발산역,POI027,KEY_3,보통,92,2000000,2100000,33.0,67.0,0.0,5.9,14.7,14.7,15.4,49.2,94.9,5.1,20260825 1550
2026-08-25T16:04:22.925570+09:00,사당역,사당역,POI029,KEY_4,보통,43,450000,500000,21.9,78.1,0.0,29.6,7.7,2.7,37.1,23.0,98.8,1.2,20260825 1550
2026-08-25T16:04:22.925570+09:00,서울대입구역,서울대입구역,POI031,KEY_2,보통,56,700000,750000,25.9,74.1,0.0,14.3,48.9,9.9,13.2,13.8,98.9,1.1,20260825 1550
2026-08-25T16:04:22.925570+09:00,서울식물원·마곡나루역,서울식물원·마곡나루역,POI032,KEY_3,한산한,34,200000,250000,23.3,76.7,2.0,21.2,39.2,14.3,13.9,9.4,99.2,0.8,20260825 1550
2026-08-25T16:04:22.925570+09:00,서울역,서울역,POI033,KEY_4,바쁜,46,2700000,2800000,41.0,59.0,0.0,0.0,16.3,25.0,40.2,18.5,96.0,4.0,20260825 1550
2026-08-25T16:04:22.925570+09:00,선릉역,선릉역,POI034,KEY_1,바쁜,113,3500000,3600000,86.7,13.3,0.0,2.4,5.9,26.5,15.9,49.4,95.8,4.2,20260825 1550
2026-08-25T16:04:22.925570+09:00,성신여대입구역,성신여대입구역,POI035,KEY_2,바쁜,51,1100000,1200000,55.8,44.2,0.0,1.1,28.4,14.2,27.6,28.6,99.7,0.3,20260825 1550
2026-08-25T16:04:22.925570+09:00,수유역,수유역,POI036,KEY_3,바쁜,66,1400000,1500000,25.8,74.2,1.5,6.1,10.1,5.8,43.9,32.7,99.7,0.3,20260825 1550
2026-08-25T16:04:22.925570+09:00,신논현역·논현역,신논현역·논현역,POI037,KEY_2,보통,38,1900000,2000000,39.9,60.1,0.0,9.8,27.1,4.6,48.7,9.7,98.9,1.1,20260825 1550
2026-08-25T16:04:22.925570+09:00,신도림역,신도림역,POI038,KEY_3,한산한,6,0,10000,44.4,55.6,0.0,22.2,44.4,0.0,11.1,22.2,100.0,0.0,20260825 1550
2026-08-25T16:04:22.925570+09:00,신림역,신림역,POI039,KEY_4,보통,81,1300000,1400000,57.8,42.2,0.7,6.7,13.0,5.9,40.2,33.5,99.5,0.5,20260825 1550
2026-08-25T16:04:22.925570+09:00,신정네거리역,신정네거리역,POI117,KEY_1,한산한,9,200000,250000,91.4,8.6,0.0,0.0,9.5,2.9,0.0,87.6,100.0,0.0,20260825 1550
2026-08-25T16:04:22.925570+09:00,신촌·이대역,신촌·이대역,POI040,KEY_2,바쁜,100,3700000,3800000,72.2,27.8,0.1,10.9,3.3,15.0,63.6,7.1,97.9,2.1,20260825 1550
2026-08-25T16:04:22.925570+09:00,쌍문역,쌍문역,POI070,KEY_3,분주한,39,900000,950000,52.1,47.9,0.0,20.9,5.8,12.4,17.0,44.0,65.6,34.4,20260825 1550
2026-08-25T16:04:22.925570+09:00,양재역,양재역,POI041,KEY_4,보통,61,1100000,1200000,42.6,57.4,0.0,6.2,15.1,18.6,33.4,26.8,97.2,2.8,20260825 1550
2026-08-25T16:04:22.925570+09:00,역삼역,역삼역,POI042,KEY_1,바쁜,90,1600000,1700000,49.7,50.3,0.1,29.2,14.1,28.6,17.8,10.2,64.2,35.8,20260825 1550
2026-08-25T16:04:22.925570+09:00,연신내역,연신내역,POI043,KEY_2,보통,58,1200000,1300000,70.7,29.3,3.4,5.8,50.1,10.8,10.8,19.0,98.5,1.5,20260825 1550
2026-08-25T16:04:22.925570+09:00,오목교역·목동운동장,오목교역·목동운동장,POI044,KEY_3,보통,126,2900000,3000000,59.7,40.3,2.1,2.7,9.1,14.3,45.4,26.4,99.0,1.0,20260825 1550
2026-08-25T16:04:22.925570+09:00,왕십리역,왕십리역,POI045,KEY_4,보통,50,1200000,1300000,52.4,47.6,0.0,21.2,10.8,18.7,7.0,42.3,68.1,31.9,20260825 1550
2026-08-25T16:04:22.925570+09:00,용산역,용산역,POI046,KEY_1,보통,125,2100000,2200000,20.4,79.6,4.5,29.8,21.5,11.1,17.2,15.9,91.9,8.1,20260825 1550
2026-08-25T16:04:22.925570+09:00,이태원역,이태원역,POI047,KEY_2,한산한,5,40000,50000,61.2,38.8,0.0,6.1,61.2,32.7,0.0,0.0,100.0,0.0,20260825 1550
2026-08-25T16:04:22.925570+09:00,잠실새내역,잠실새내역,POI118,KEY_3,분주한,71,3200000,3300000,24.9,75.1,0.0,7.1,57.3,4.5,21.8,9.2,98.2,1.8,20260825 1550
2026-08-25T16:04:22.925570+09:00,잠실역,잠실역,POI119,KEY_4,분주한,122,2900000,3000000,18.0,82.0,0.1,6.8,11.0,9.9,66.1,6.1,96.7,3.3,20260825 1550
2026-08-25T16:04:22.925570+09:00,장지역,장지역,POI048,KEY_1,바쁜,55,2100000,2200000,51.9,48.1,0.0,0.7,35.8,24.8,6.6,32.2,98.0,2.0,20260825 1550
2026-08-25T16:04:22.925570+09:00,장한평역,장한평역,POI049,KEY_2,분주한,16,1200000,1300000,76.5,23.5,0.0,0.0,1.0,6.7,0.8,91.5,100.0,0.0,20260825 1550
2026-08-25T16:04:22.925570+09:00,천호역,천호역,POI050,KEY_3,보통,59,1600000,1700000,20.9,79.1,0.0,8.1,31.2,12.4,11.8,36.5,99.8,0.2,20260825 1550
2026-08-25T16:04:22.925570+09:00,총신대입구(이수)역,총신대입구(이수)역,POI051,KEY_4,보통,50,800000,850000,28.6,71.4,0.0,1.2,13.2,13.3,40.7,31.6,100.0,0.0,20260825 1550
2026-08-25T16:04:22.925570+09:00,충정로역,충정로역,POI052,KEY_1,한산한,11,50000,60000,71.2,28.8,0.0,23.1,15.4,11.5,17.3,32.7,100.0,0.0,20260825 1550
2026-08-25T16:04:22.925570+09:00,합정역,합정역,POI053,KEY_2,한산한,29,250000,300000,48.5,51.5,0.0,25.6,37.8,24.0,11.8,0.8,96.0,4.0,20260825 1550
2026-08-25T16:04:22.925570+09:00,혜화역,혜화역,POI054,KEY_3,한산한,60,900000,950000,37.2,62.8,1.9,14.0,9.9,26.6,21.7,25.9,96.0,4.0,20260825 1550
2026-08-25T16:04:22.925570+09:00,홍대입구역(2호선),홍대입구역(2호선),POI055,KEY_4,보통,53,850000,900000,24.9,75.1,7.3,29.5,4.9,5.1,48.7,4.5,99.8,0.2,20260825 1550
2026-08-25T16:04:22.925570+09:00,회기역,회기역,POI056,KEY_1,보통,32,200000,250000,48.6,51.4,0.9,59.9,8.1,4.5,17.1,9.5,93.2,6.8,20260825 1550
2026-08-25T16:55:36.393057+09:00,광화문·덕수궁,광화문·덕수궁,POI009,KEY_2,보통,139,2500000,2600000,35.9,64.1,0.0,7.9,27.2,36.3,25.9,2.7,97.6,2.4,20260825 1640
2026-08-25T16:55:36.393057+09:00,보신각,보신각,POI010,KEY_3,한산한,55,600000,650000,42.8,57.2,0.0,27.0,18.2,27.1,24.4,3.3,87.5,12.5,20260825 1640
2026-08-25T16:55:36.393057+09:00,강남 MICE 관광특구,강남 MICE 관광특구,POI001,KEY_2,한산한,44,350000,400000,53.0,47.0,0.0,16.6,35.6,12.7,25.1,9.9,97.1,2.9,20260825 1640
2026-08-25T16:55:36.393057+09:00,동대문 관광특구,동대문 관광특구,POI002,KEY_3,바쁜,43,1200000,1300000,25.1,74.9,0.0,39.8,17.2,30.2,5.5,7.4,95.8,4.2,20260825 1640
2026-08-25T16:55:36.393057+09:00,명동 관광특구,명동 관광특구,POI003,KEY_4,보통,514,5300000,5400000,48.3,51.7,0.9,18.2,23.4,13.8,28.5,15.2,88.4,11.6,20260825 1640
2026-08-25T16:55:36.393057+09:00,이태원 관광특구,이태원 관광특구,POI004,KEY_1,바쁜,29,1600000,1700000,88.6,11.4,0.0,87.6,6.7,0.3,2.9,2.5,97.0,3.0,20260825 1640
2026-08-25T16:55:36.393057+09:00,잠실 관광특구,잠실 관광특구,POI005,KEY_2,보통,145,2300000,2400000,48.2,51.8,1.8,8.2,10.3,26.1,32.5,21.1,96.7,3.3,20260825 1640
2026-08-25T16:55:36.393057+09:00,종로·청계 관광특구,종로·청계 관광특구,POI006,KEY_3,보통,216,5300000,5400000,53.4,46.6,0.3,15.8,23.9,17.5,19.3,23.2,94.7,5.3,20260825 1640
2026-08-25T16:55:36.393057+09:00,홍대 관광특구,홍대 관광특구,POI007,KEY_4,보통,249,5900000,6000000,28.7,71.3,4.6,33.7,9.4,18.2,14.0,20.1,98.7,1.3,20260825 1640
2026-08-25T16:55:36.393057+09:00,가락시장,가락시장,POI058,KEY_2,바쁜,27,750000,800000,13.0,87.0,0.0,0.0,15.3,13.4,1.3,69.9,95.3,4.7,20260825 1640
2026-08-25T16:55:36.393057+09:00,가로수길,가로수길,POI059,KEY_3,바쁜,106,6700000,6800000,8.4,91.6,0.4,22.8,9.6,13.4,50.0,3.7,99.6,0.4,20260825 1640
2026-08-25T16:55:36.393057+09:00,광장(전통)시장,광장(전통)시장,POI060,KEY_4,분주한,41,2400000,2500000,62.8,37.2,0.0,21.9,25.9,18.8,12.1,21.3,100.0,0.0,20260825 1640
2026-08-25T16:55:36.393057+09:00,김포공항,김포공항,POI061,KEY_1,한산한,11,50000,60000,47.4,52.6,0.0,29.8,7.0,33.3,29.8,0.0,100.0,0.0,20260825 1640
2026-08-25T16:55:36.393057+09:00,남대문시장,남대문시장,POI115,KEY_2,보통,37,450000,500000,58.4,41.6,0.0,30.9,7.7,4.1,36.1,21.1,94.2,5.8,20260825 1640
2026-08-25T16:55:36.393057+09:00,노량진,노량진,POI063,KEY_3,보통,38,500000,550000,56.7,43.3,0.8,15.7,17.7,17.7,40.9,7.3,97.7,2.3,20260825 1640
2026-08-25T16:55:36.393057+09:00,덕수궁길·정동길,덕수궁길·정동길,POI064,KEY_4,한산한,13,60000,70000,63.6,36.4,0.0,10.6,19.7,13.6,47.0,9.1,100.0,0.0,20260825 1640
2026-08-25T16:55:36.393057+09:00,북창동 먹자골목,북창동 먹자골목,POI114,KEY_1,보통,42,450000,500000,77.6,22.4,5.9,14.3,41.1,11.4,14.1,13.1,100.0,0.0,20260825 1640
2026-08-25T16:55:36.393057+09:00,북촌한옥마을,북촌한옥마을,POI066,KEY_2,바쁜,35,1300000,1400000,8.6,91.4,0.0,6.6,3.3,77.2,2.6,10.3,94.9,5.1,20260825 1640
2026-08-25T16:55:36.393057+09:00,서촌,서촌,POI067,KEY_3,보통,32,300000,350000,34.1,65.9,1.4,26.9,15.4,3.6,13.3,39.4,89.2,10.8,20260825 1640
2026-08-25T16:55:36.393057+09:00,성수카페거리,성수카페거리,POI068,KEY_4,보통,88,2200000,2300000,20.8,79.2,5.4,41.8,14.4,24.3,5.9,8.2,68.4,31.6,20260825 1640
2026-08-25T16:55:36.393057+09:00,송리단길·호수단길,송리단길·호수단길,POI121,KEY_1,보통,29,700000,750000,45.1,54.9,6.6,11.1,15.2,22.5,22.1,22.5,34.6,65.4,20260825 1640
2026-08-25T16:55:36.393057+09:00,신촌 스타광장,신촌 스타광장,POI122,KEY_2,분주한,22,750000,800000,87.4,12.6,0.0,12.0,3.9,2.2,79.3,2.6,100.0,0.0,20260825 1640
2026-08-25T16:55:36.393057+09:00,압구정로데오거리,압구정로데오거리,POI071,KEY_3,분주한,59,9800000,9900000,23.6,76.4,0.0,1.8,8.8,11.4,39.9,38.1,99.7,0.3,20260825 1640
2026-08-25T16:55:36.393057+09:00,여의도,여의도,POI072,KEY_4,바쁜,210,6900000,7000000,39.6,60.4,0.0,14.0,21.3,17.3,15.0,32.4,95.4,4.6,20260825 1640
2026-08-25T16:55:36.393057+09:00,연남동,연남동,POI073,KEY_1,한산한,26,200000,250000,65.4,34.6,0.0,43.2,28.0,15.2,7.0,6.6,98.4,1.6,20260825 1640
2026-08-25T16:55:36.393057+09:00,영등포 타임스퀘어,영등포 타임스퀘어,POI074,KEY_2,보통,97,1900000,2000000,49.6,50.4,3.7,6.3,30.5,12.4,7.5,39.6,97.8,2.2,20260825 1640
2026-08-25T16:55:36.393057+09:00,용리단길,용리단길,POI076,KEY_3,한산한,10,50000,60000,84.7,15.3,0.0,45.8,6.8,16.9,30.5,0.0,100.0,0.0,20260825 1640
2026-08-25T16:55:36.393057+09:00,이태원 앤틱가구거리,이태원 앤틱가구거리,POI077,KEY_4,한산한,5,20000,30000,69.6,30.4,0.0,13.0,60.9,0.0,8.7,17.4,100.0,0.0,20260825 1640
2026-08-25T16:55:36.393057+09:00,익선동,익선동,POI116,KEY_1,한산한,24,150000,200000,31.0,69.0,0.0,37.9,5.7,19.0,10.3,27.0,90.7,9.3,20260825 1640
2026-08-25T16:55:36.393057+09:00,인사동,인사동,POI078,KEY_2,한산한,36,350000,400000,36.2,63.8,2.0,18.1,11.8,20.1,16.5,31.5,70.2,29.8,20260825 1640
2026-08-25T16:55:36.393057+09:00,잠실롯데타워·석촌호수,잠실롯데타워·석촌호수,POI120,KEY_3,보통,132,2100000,2200000,48.1,51.9,1.9,8.6,9.8,26.7,33.6,19.5,99.1,0.9,20260825 1640
2026-08-25T16:55:36.393057+09:00,창동 신경제 중심지,창동 신경제 중심지,POI079,KEY_4,분주한,164,6700000,6800000,42.3,57.7,0.2,7.9,11.4,22.1,8.0,50.4,98.2,1.8,20260825 1640
2026-08-25T16:55:36.393057+09:00,청담동 명품거리,청담동 명품거리,POI080,KEY_1,분주한,20,2800000,2900000,12.6,87.4,0.0,0.2,0.3,3.5,5.2,90.8,99.8,0.2,20260825 1640
2026-08-25T16:55:36.393057+09:00,청량리 제기동 일대 전통시장,청량리 제기동 일대 전통시장,POI081,KEY_2,분주한,37,1900000,2000000,17.0,83.0,0.8,1.3,75.8,2.1,7.1,12.9,99.7,0.3,20260825 1640
2026-08-25T16:55:36.393057+09:00,해방촌·경리단길,해방촌·경리단길,POI082,KEY_3,한산한,11,80000,90000,56.2,43.8,14.6,1.1,12.4,40.4,15.7,15.7,100.0,0.0,20260825 1640
2026-08-25T16:55:36.393057+09:00,DDP(동대문디자인플라자),DDP(동대문디자인플라자),POI083,KEY_4,한산한,4,20000,30000,91.7,8.3,0.0,8.3,0.0,0.0,91.7,0.0,57.1,42.9,20260825 1630
2026-08-25T16:55:36.393057+09:00,DMC(디지털미디어시티),DMC(디지털미디어시티),POI084,KEY_1,보통,77,650000,700000,53.7,46.3,3.6,6.1,27.7,28.1,19.9,14.7,85.0,15.0,20260825 1640
2026-08-25T16:55:36.393057+09:00,가산디지털단지역,가산디지털단지역,POI013,KEY_2,보통,63,800000,850000,62.3,37.7,0.0,5.2,25.9,52.6,12.8,3.6,96.1,3.9,20260825 1640
2026-08-25T16:55:36.393057+09:00,강남역,강남역,POI014,KEY_3,분주한,240,17000000,18000000,14.1,85.9,0.4,17.3,12.4,35.7,30.2,4.0,99.7,0.3,20260825 1640
2026-08-25T16:55:36.393057+09:00,건대입구역,건대입구역,POI015,KEY_4,보통,118,1400000,1500000,28.1,71.9,4.7,30.8,17.9,8.2,19.5,18.9,97.5,2.5,20260825 1640
2026-08-25T16:55:36.393057+09:00,고덕역,고덕역,POI016,KEY_1,분주한,47,2300000,2400000,24.0,76.0,0.0,0.2,0.6,69.8,15.9,13.6,100.0,0.0,20260825 1640
2026-08-25T16:55:36.393057+09:00,고속터미널역,고속터미널역,POI017,KEY_2,바쁜,109,2200000,2300000,61.0,39.0,0.1,2.8,7.1,23.9,20.1,46.0,92.2,7.8,20260825 1640
2026-08-25T16:55:36.393057+09:00,교대역,교대역,POI018,KEY_3,보통,38,1200000,1300000,27.9,72.1,0.0,1.8,11.6,76.6,4.0,5.9,97.4,2.6,20260825 1640
2026-08-25T16:55:36.393057+09:00,구로디지털단지역,구로디지털단지역,POI019,KEY_4,보통,51,950000,1000000,59.0,41.0,0.0,9.0,44.1,32.7,11.5,2.8,86.8,13.2,20260825 1640
2026-08-25T16:55:36.393057+09:00,구로역,구로역,POI020,KEY_1,보통,19,300000,350000,22.2,77.8,0.0,2.2,14.4,13.1,19.4,50.9,100.0,0.0,20260825 1640
2026-08-25T16:55:36.393057+09:00,군자역,군자역,POI021,KEY_2,한산한,14,70000,80000,61.8,38.2,3.9,5.3,5.3,5.3,13.2,67.1,100.0,0.0,20260825 1640
2026-08-25T16:55:36.393057+09:00,대림역,대림역,POI023,KEY_3,보통,29,350000,400000,45.7,54.3,0.6,12.0,28.7,33.1,17.8,7.8,97.0,3.0,20260825 1640
2026-08-25T16:55:36.393057+09:00,동대문역,동대문역,POI024,KEY_4,한산한,6,40000,50000,62.5,37.5,0.0,0.0,15.0,20.0,20.0,45.0,100.0,0.0,20260825 1640
2026-08-25T16:55:36.393057+09:00,뚝섬역,뚝섬역,POI025,KEY_1,보통,36,400000,450000,54.8,45.2,4.7,13.5,11.8,18.2,30.0,21.9,93.2,6.8,20260825 1640
2026-08-25T16:55:36.393057+09:00,미아사거리역,미아사거리역,POI026,KEY_2,보통,50,1000000,1100000,47.4,52.6,0.0,3.1,12.6,27.9,19.4,36.9,100.0,0.0,20260825 1640
2026-08-25T16:55:36.393057+09:00,발산역,발산역,POI027,KEY_3,바쁜,97,4900000,5000000,30.3,69.7,0.1,2.8,6.9,15.7,44.3,30.2,99.8,0.2,20260825 1640
2026-08-25T16:55:36.393057+09:00,사당역,사당역,POI029,KEY_4,보통,54,500000,550000,44.8,55.2,0.0,23.9,21.1,13.9,22.0,19.2,85.8,14.2,20260825 1640
2026-08-25T16:55:36.393057+09:00,서울대입구역,서울대입구역,POI031,KEY_2,분주한,57,2600000,2700000,38.6,61.4,0.5,1.3,3.7,25.9,8.6,60.0,99.9,0.1,20260825 1640
2026-08-25T16:55:36.393057+09:00,서울식물원·마곡나루역,서울식물원·마곡나루역,POI032,KEY_3,한산한,22,200000,250000,34.7,65.3,0.0,2.4,60.0,11.2,18.2,8.2,74.0,26.0,20260825 1640
2026-08-25T16:55:36.393057+09:00,서울역,서울역,POI033,KEY_4,보통,37,1200000,1300000,50.1,49.9,0.0,4.6,20.7,14.6,19.8,40.2,97.5,2.5,20260825 1640
2026-08-25T16:55:36.393057+09:00,선릉역,선릉역,POI034,KEY_1,보통,109,1700000,1800000,35.8,64.3,1.1,5.8,36.4,23.6,21.3,11.8,91.3,8.7,20260825 1640
2026-08-25T16:55:36.393057+09:00,성신여대입구역,성신여대입구역,POI035,KEY_2,분주한,60,3800000,3900000,14.8,85.2,1.1,3.5,1.4,70.5,10.8,12.6,99.8,0.2,20260825 1640
2026-08-25T16:55:36.393057+09:00,수유역,수유역,POI036,KEY_3,보통,72,650000,700000,57.5,42.5,3.5,12.6,5.4,10.7,19.4,48.4,97.8,2.2,20260825 1640
2026-08-25T16:55:36.393057+09:00,신논현역·논현역,신논현역·논현역,POI037,KEY_2,바쁜,43,2500000,2600000,35.0,65.0,0.0,12.8,2.7,16.8,36.6,31.1,99.6,0.4,20260825 1640
2026-08-25T16:55:36.393057+09:00,신도림역,신도림역,POI038,KEY_3,보통,4,60000,70000,7.9,92.1,0.0,0.0,7.9,0.0,0.0,92.1,100.0,0.0,20260825 1630
2026-08-25T16:55:36.393057+09:00,신림역,신림역,POI039,KEY_4,보통,78,1300000,1400000,30.2,69.8,0.0,10.3,36.1,16.4,14.9,22.3,100.0,0.0,20260825 1640
2026-08-25T16:55:36.393057+09:00,신정네거리역,신정네거리역,POI117,KEY_1,분주한,29,950000,1000000,12.8,87.2,0.0,0.5,3.0,16.3,11.9,68.3,97.2,2.8,20260825 1640
2026-08-25T16:55:36.393057+09:00,신촌·이대역,신촌·이대역,POI040,KEY_2,바쁜,140,3700000,3800000,58.2,41.8,1.8,14.6,5.3,27.4,44.6,6.3,100.0,0.0,20260825 1640
2026-08-25T16:55:36.393057+09:00,쌍문역,쌍문역,POI070,KEY_3,분주한,40,1100000,1200000,72.2,27.8,0.3,2.5,4.5,22.1,6.8,63.8,100.0,0.0,20260825 1640
2026-08-25T16:55:36.393057+09:00,양재역,양재역,POI041,KEY_4,한산한,44,600000,650000,54.7,45.3,5.5,1.5,51.8,9.0,12.8,19.3,84.8,15.2,20260825 1640
2026-08-25T16:55:36.393057+09:00,역삼역,역삼역,POI042,KEY_1,보통,90,1300000,1400000,45.6,54.4,0.0,4.5,28.8,18.3,39.3,9.1,86.8,13.2,20260825 1640
2026-08-25T16:55:36.393057+09:00,연신내역,연신내역,POI043,KEY_2,바쁜,69,1400000,1500000,34.6,65.4,2.1,2.4,7.8,8.6,9.5,69.5,94.7,5.3,20260825 1640
2026-08-25T16:55:36.393057+09:00,오목교역·목동운동장,오목교역·목동운동장,POI044,KEY_3,분주한,170,9500000,9600000,46.5,53.5,2.6,0.6,3.0,41.9,40.2,11.7,99.7,0.3,20260825 1640
2026-08-25T16:55:36.393057+09:00,왕십리역,왕십리역,POI045,KEY_4,보통,58,950000,1000000,48.2,51.8,1.1,11.5,16.1,14.3,20.1,36.9,94.8,5.2,20260825 1640
2026-08-25T16:55:36.393057+09:00,용산역,용산역,POI046,KEY_1,보통,75,1000000,1100000,20.9,79.1,1.1,35.6,9.3,7.0,42.6,4.4,94.8,5.2,20260825 1640
2026-08-25T16:55:36.393057+09:00,이태원역,이태원역,POI047,KEY_2,바쁜,14,1400000,1500000,89.1,10.9,0.0,93.7,5.6,0.3,0.1,0.3,96.7,3.3,20260825 1640
2026-08-25T16:55:36.393057+09:00,잠실새내역,잠실새내역,POI118,KEY_3,보통,97,1700000,1800000,43.2,56.8,0.8,4.7,22.5,17.9,27.7,26.4,99.7,0.3,20260825 1640
2026-08-25T16:55:36.393057+09:00,잠실역,잠실역,POI119,KEY_4,보통,92,1100000,1200000,37.2,62.8,0.8,8.8,13.7,27.0,27.9,21.8,98.3,1.7,20260825 1640
2026-08-25T16:55:36.393057+09:00,장지역,장지역,POI048,KEY_1,바쁜,42,2600000,2700000,56.3,43.7,0.0,0.8,53.0,25.7,3.5,17.0,99.3,0.7,20260825 1640
2026-08-25T16:55:36.393057+09:00,장한평역,장한평역,POI049,KEY_2,바쁜,24,450000,500000,69.0,31.0,0.0,2.1,11.7,5.9,13.7,66.6,98.6,1.4,20260825 1640
2026-08-25T16:55:36.393057+09:00,천호역,천호역,POI050,KEY_3,보통,70,1200000,1300000,30.5,69.5,0.6,2.0,10.9,11.1,14.7,60.8,99.5,0.5,20260825 1640
2026-08-25T16:55:36.393057+09:00,총신대입구(이수)역,총신대입구(이수)역,POI051,KEY_4,분주한,77,3400000,3500000,19.4,80.6,0.1,1.2,5.9,9.3,9.4,74.1,98.9,1.1,20260825 1640
2026-08-25T16:55:36.393057+09:00,충정로역,충정로역,POI052,KEY_1,한산한,9,30000,40000,79.4,20.6,0.0,0.0,38.2,5.9,52.9,2.9,100.0,0.0,20260825 1640
2026-08-25T16:55:36.393057+09:00,합정역,합정역,POI053,KEY_2,한산한,32,300000,350000,59.7,40.3,0.0,25.3,14.6,22.2,29.9,8.0,91.5,8.5,20260825 1640
2026-08-25T16:55:36.393057+09:00,혜화역,혜화역,POI054,KEY_3,보통,60,1300000,1400000,51.9,48.1,0.5,20.7,4.4,24.7,27.9,21.8,96.0,4.0,20260825 1640
2026-08-25T16:55:36.393057+09:00,홍대입구역(2호선),홍대입구역(2호선),POI055,KEY_4,바쁜,46,1900000,2000000,29.0,71.0,9.2,48.1,10.6,13.0,8.4,10.8,99.5,0.5,20260825 1640
2026-08-25T16:55:36.393057+09:00,회기역,회기역,POI056,KEY_1,바쁜,37,550000,600000,15.2,84.8,0.0,6.3,11.1,5.4,64.5,12.8,97.3,2.7,20260825 1640
2026-08-25T17:55:56.213762+09:00,광화문·덕수궁,광화문·덕수궁,POI009,KEY_2,보통,148,3400000,3500000,59.5,40.5,1.4,8.4,12.0,41.8,28.1,8.3,97.7,2.3,20260825 1740
2026-08-25T17:55:56.213762+09:00,보신각,보신각,POI010,KEY_3,보통,39,1100000,1200000,51.4,48.6,2.3,11.9,28.6,16.3,19.2,21.7,53.5,46.5,20260825 1740
2026-08-25T17:55:56.213762+09:00,강남 MICE 관광특구,강남 MICE 관광특구,POI001,KEY_2,한산한,39,350000,400000,25.5,74.5,4.4,15.8,10.9,53.4,14.1,1.5,91.6,8.4,20260825 1740
2026-08-25T17:55:56.213762+09:00,동대문 관광특구,동대문 관광특구,POI002,KEY_3,바쁜,67,1500000,1600000,18.7,81.3,0.0,8.9,9.3,63.6,13.6,4.6,92.8,7.2,20260825 1740
2026-08-25T17:55:56.213762+09:00,명동 관광특구,명동 관광특구,POI003,KEY_4,바쁜,444,7700000,7800000,50.7,49.3,2.5,15.5,25.6,23.8,23.3,9.3,69.9,30.1,20260825 1740
2026-08-25T17:55:56.213762+09:00,이태원 관광특구,이태원 관광특구,POI004,KEY_1,한산한,26,350000,400000,55.6,44.4,0.0,32.9,33.2,11.8,9.1,13.0,92.7,7.3,20260825 1740
2026-08-25T17:55:56.213762+09:00,잠실 관광특구,잠실 관광특구,POI005,KEY_2,바쁜,140,3500000,3600000,35.8,64.2,0.1,16.5,10.1,15.1,25.6,32.7,98.0,2.0,20260825 1740
2026-08-25T17:55:56.213762+09:00,종로·청계 관광특구,종로·청계 관광특구,POI006,KEY_3,분주한,191,12000000,13000000,51.8,48.2,0.5,7.6,8.9,43.6,32.7,6.7,95.1,4.9,20260825 1740
2026-08-25T17:55:56.213762+09:00,홍대 관광특구,홍대 관광특구,POI007,KEY_4,보통,301,5700000,5800000,44.9,55.1,4.7,41.8,19.4,11.7,14.7,7.6,97.0,3.0,20260825 1740
2026-08-25T17:55:56.213762+09:00,가락시장,가락시장,POI058,KEY_2,분주한,30,900000,950000,45.3,54.7,0.0,0.0,2.0,29.1,15.3,53.7,77.4,22.6,20260825 1740
2026-08-25T17:55:56.213762+09:00,가로수길,가로수길,POI059,KEY_3,바쁜,112,6000000,6100000,39.4,60.6,0.3,26.3,6.9,17.1,23.9,25.5,96.9,3.1,20260825 1740
2026-08-25T17:55:56.213762+09:00,광장(전통)시장,광장(전통)시장,POI060,KEY_4,바쁜,32,1900000,2000000,44.9,55.1,0.0,25.6,9.4,40.6,6.3,18.2,100.0,0.0,20260825 1740
2026-08-25T17:55:56.213762+09:00,김포공항,김포공항,POI061,KEY_1,한산한,9,40000,50000,64.1,35.9,0.0,18.5,10.9,28.3,42.4,0.0,100.0,0.0,20260825 1740
2026-08-25T17:55:56.213762+09:00,남대문시장,남대문시장,POI115,KEY_2,한산한,28,350000,400000,59.7,40.3,1.3,8.1,8.1,15.6,35.9,30.9,90.1,9.9,20260825 1740
2026-08-25T17:55:56.213762+09:00,노량진,노량진,POI063,KEY_3,보통,64,450000,500000,62.6,37.4,0.6,23.3,17.6,14.7,13.7,30.0,95.2,4.8,20260825 1740
2026-08-25T17:55:56.213762+09:00,덕수궁길·정동길,덕수궁길·정동길,POI064,KEY_4,바쁜,23,300000,350000,34.0,66.0,4.8,11.2,27.2,3.1,32.0,21.8,95.8,4.2,20260825 1740
2026-08-25T17:55:56.213762+09:00,북창동 먹자골목,북창동 먹자골목,POI114,KEY_1,바쁜,45,1100000,1200000,43.7,56.3,2.1,12.7,34.0,11.5,26.2,13.5,74.8,25.2,20260825 1740
2026-08-25T17:55:56.213762+09:00,북촌한옥마을,북촌한옥마을,POI066,KEY_2,보통,46,550000,600000,37.3,62.7,5.5,27.1,27.5,9.6,15.3,14.9,84.6,15.4,20260825 1740
2026-08-25T17:55:56.213762+09:00,서촌,서촌,POI067,KEY_3,바쁜,26,1000000,1100000,24.3,75.7,1.3,20.7,9.7,33.0,13.6,21.7,30.8,69.2,20260825 1740
2026-08-25T17:55:56.213762+09:00,성수카페거리,성수카페거리,POI068,KEY_4,보통,86,2500000,2600000,34.4,65.6,0.7,20.0,10.3,42.7,12.9,13.5,93.2,6.8,20260825 1740
2026-08-25T17:55:56.213762+09:00,송리단길·호수단길,송리단길·호수단길,POI121,KEY_1,보통,33,650000,700000,36.2,63.8,1.0,25.3,23.7,5.4,23.7,20.8,77.8,22.2,20260825 1740
2026-08-25T17:55:56.213762+09:00,신촌 스타광장,신촌 스타광장,POI122,KEY_2,분주한,26,950000,1000000,30.9,69.1,0.0,7.6,79.8,8.2,1.4,3.0,100.0,0.0,20260825 1740
2026-08-25T17:55:56.213762+09:00,압구정로데오거리,압구정로데오거리,POI071,KEY_3,바쁜,79,8800000,8900000,37.8,62.2,5.6,4.2,43.5,8.8,15.3,22.7,88.1,11.9,20260825 1740
2026-08-25T17:55:56.213762+09:00,여의도,여의도,POI072,KEY_4,바쁜,239,6500000,6600000,59.7,40.3,0.1,13.7,41.2,8.5,27.8,8.8,60.6,39.4,20260825 1740
2026-08-25T17:55:56.213762+09:00,연남동,연남동,POI073,KEY_1,바쁜,53,1100000,1200000,67.0,33.0,2.7,12.0,17.0,55.2,6.6,6.5,95.1,4.9,20260825 1740
2026-08-25T17:55:56.213762+09:00,영등포 타임스퀘어,영등포 타임스퀘어,POI074,KEY_2,분주한,129,5300000,5400000,16.0,84.0,1.4,49.3,12.4,12.8,10.1,14.0,99.1,0.9,20260825 1740
2026-08-25T17:55:56.213762+09:00,용리단길,용리단길,POI076,KEY_3,보통,27,450000,500000,32.4,67.6,4.0,61.5,23.3,10.3,0.8,0.0,100.0,0.0,20260825 1740
2026-08-25T17:55:56.213762+09:00,이태원 앤틱가구거리,이태원 앤틱가구거리,POI077,KEY_4,한산한,5,40000,50000,13.3,86.7,0.0,0.0,0.0,86.7,0.0,13.3,75.6,24.4,20260825 1720
2026-08-25T17:55:56.213762+09:00,익선동,익선동,POI116,KEY_1,바쁜,48,1300000,1400000,76.0,24.0,0.0,10.5,3.0,14.4,14.8,57.3,99.1,0.9,20260825 1740
2026-08-25T17:55:56.213762+09:00,인사동,인사동,POI078,KEY_2,보통,48,750000,800000,49.0,51.0,3.9,8.4,21.9,8.1,26.1,31.5,93.5,6.5,20260825 1740
2026-08-25T17:55:56.213762+09:00,잠실롯데타워·석촌호수,잠실롯데타워·석촌호수,POI120,KEY_3,바쁜,129,3300000,3400000,36.7,63.3,0.1,17.1,10.1,13.3,24.5,34.9,97.8,2.2,20260825 1740
2026-08-25T17:55:56.213762+09:00,창동 신경제 중심지,창동 신경제 중심지,POI079,KEY_4,바쁜,192,4700000,4800000,36.1,63.9,1.8,22.6,11.5,11.7,16.3,36.1,99.7,0.3,20260825 1740
2026-08-25T17:55:56.213762+09:00,청담동 명품거리,청담동 명품거리,POI080,KEY_1,한산한,4,20000,30000,72.7,27.3,0.0,0.0,27.3,27.3,45.5,0.0,80.8,19.2,20260825 1740
2026-08-25T17:55:56.213762+09:00,청량리 제기동 일대 전통시장,청량리 제기동 일대 전통시장,POI081,KEY_2,분주한,34,2600000,2700000,50.6,49.4,0.0,1.4,0.0,33.2,7.2,58.2,99.8,0.2,20260825 1740
2026-08-25T17:55:56.213762+09:00,해방촌·경리단길,해방촌·경리단길,POI082,KEY_3,보통,10,150000,200000,51.9,48.1,0.0,1.3,1.3,9.1,40.9,47.4,100.0,0.0,20260825 1740
2026-08-25T17:55:56.213762+09:00,DDP(동대문디자인플라자),DDP(동대문디자인플라자),POI083,KEY_4,보통,13,100000,150000,9.7,90.3,0.0,28.3,15.9,12.4,43.4,0.0,100.0,0.0,20260825 1740
2026-08-25T17:55:56.213762+09:00,DMC(디지털미디어시티),DMC(디지털미디어시티),POI084,KEY_1,보통,66,600000,650000,36.0,64.0,0.0,17.2,27.9,19.4,14.0,21.5,84.4,15.6,20260825 1740
2026-08-25T17:55:56.213762+09:00,가산디지털단지역,가산디지털단지역,POI013,KEY_2,분주한,87,3500000,3600000,36.8,63.2,0.0,19.2,44.3,11.1,11.2,14.1,95.5,4.5,20260825 1740
2026-08-25T17:55:56.213762+09:00,강남역,강남역,POI014,KEY_3,분주한,282,17000000,18000000,32.0,68.0,0.9,26.1,35.7,26.2,8.9,2.1,98.7,1.3,20260825 1740
2026-08-25T17:55:56.213762+09:00,건대입구역,건대입구역,POI015,KEY_4,보통,91,3500000,3600000,66.1,33.9,0.7,18.5,11.5,40.6,4.0,24.7,98.6,1.4,20260825 1740
2026-08-25T17:55:56.213762+09:00,고덕역,고덕역,POI016,KEY_1,보통,46,450000,500000,41.1,58.9,1.5,4.8,8.0,32.3,37.4,16.0,95.5,4.5,20260825 1740
2026-08-25T17:55:56.213762+09:00,고속터미널역,고속터미널역,POI017,KEY_2,보통,94,1600000,1700000,30.5,69.5,0.9,5.2,17.3,14.7,32.0,29.8,97.2,2.8,20260825 1740
2026-08-25T17:55:56.213762+09:00,교대역,교대역,POI018,KEY_3,바쁜,51,1600000,1700000,52.9,47.1,0.4,1.7,8.1,30.9,43.6,15.3,96.8,3.2,20260825 1740
2026-08-25T17:55:56.213762+09:00,구로디지털단지역,구로디지털단지역,POI019,KEY_4,바쁜,78,1500000,1600000,51.5,48.5,0.0,5.9,29.5,17.1,14.7,32.8,96.1,3.9,20260825 1740
2026-08-25T17:55:56.213762+09:00,구로역,구로역,POI020,KEY_1,한산한,4,150000,200000,29.0,71.0,0.0,0.4,0.7,45.7,27.9,25.3,100.0,0.0,20260825 1740
2026-08-25T17:55:56.213762+09:00,군자역,군자역,POI021,KEY_2,바쁜,35,1000000,1100000,31.1,68.9,0.0,5.6,9.7,12.5,49.7,22.5,100.0,0.0,20260825 1740
2026-08-25T17:55:56.213762+09:00,대림역,대림역,POI023,KEY_3,바쁜,23,500000,550000,47.5,52.5,0.0,1.7,4.9,11.8,18.1,63.6,100.0,0.0,20260825 1740
2026-08-25T17:55:56.213762+09:00,동대문역,동대문역,POI024,KEY_4,보통,12,150000,200000,61.5,38.5,0.0,33.1,26.4,6.8,0.0,33.8,88.1,11.9,20260825 1740
2026-08-25T17:55:56.213762+09:00,뚝섬역,뚝섬역,POI025,KEY_1,보통,45,550000,600000,54.1,45.9,0.0,30.1,13.5,8.7,21.4,26.3,87.6,12.4,20260825 1740
2026-08-25T17:55:56.213762+09:00,미아사거리역,미아사거리역,POI026,KEY_2,보통,43,1000000,1100000,17.8,82.2,0.0,5.7,13.2,4.3,49.8,27.0,100.0,0.0,20260825 1740
2026-08-25T17:55:56.213762+09:00,발산역,발산역,POI027,KEY_3,보통,106,2600000,2700000,34.5,65.5,1.4,12.0,13.0,28.4,14.0,31.2,91.8,8.2,20260825 1740
2026-08-25T17:55:56.213762+09:00,사당역,사당역,POI029,KEY_4,보통,67,1200000,1300000,39.4,60.6,0.2,18.4,20.9,5.1,6.3,49.0,93.0,7.0,20260825 1740
2026-08-25T17:55:56.213762+09:00,서울대입구역,서울대입구역,POI031,KEY_2,보통,69,1300000,1400000,59.0,41.0,0.0,16.1,8.4,23.6,26.3,25.6,100.0,0.0,20260825 1740
2026-08-25T17:55:56.213762+09:00,서울식물원·마곡나루역,서울식물원·마곡나루역,POI032,KEY_3,보통,34,400000,450000,67.7,32.3,0.0,16.7,25.7,14.6,6.6,36.5,89.5,10.5,20260825 1740
2026-08-25T17:55:56.213762+09:00,서울역,서울역,POI033,KEY_4,한산한,42,850000,900000,33.8,66.2,0.0,13.4,12.7,21.9,22.6,29.5,97.4,2.6,20260825 1740
2026-08-25T17:55:56.213762+09:00,선릉역,선릉역,POI034,KEY_1,바쁜,92,2900000,3000000,81.1,18.9,0.7,2.6,17.5,11.6,6.9,60.7,85.2,14.8,20260825 1740
2026-08-25T17:55:56.213762+09:00,성신여대입구역,성신여대입구역,POI035,KEY_2,분주한,67,1400000,1500000,35.9,64.1,0.1,16.1,13.6,4.8,37.8,27.4,93.5,6.5,20260825 1740
2026-08-25T17:55:56.213762+09:00,수유역,수유역,POI036,KEY_3,보통,77,1100000,1200000,37.2,62.8,0.2,11.5,5.8,13.2,24.3,45.1,95.7,4.3,20260825 1740
2026-08-25T17:55:56.213762+09:00,신논현역·논현역,신논현역·논현역,POI037,KEY_2,바쁜,35,2500000,2600000,71.4,28.6,0.0,2.9,8.6,19.0,2.3,67.3,99.2,0.8,20260825 1740
2026-08-25T17:55:56.213762+09:00,신도림역,신도림역,POI038,KEY_3,보통,4,50000,60000,78.0,22.0,0.0,0.0,22.0,40.0,0.0,38.0,100.0,0.0,20260825 1740
2026-08-25T17:55:56.213762+09:00,신림역,신림역,POI039,KEY_4,보통,84,850000,900000,41.3,58.7,2.6,19.9,25.2,17.7,24.9,9.8,100.0,0.0,20260825 1740
2026-08-25T17:55:56.213762+09:00,신정네거리역,신정네거리역,POI117,KEY_1,한산한,29,150000,200000,33.7,66.3,2.1,5.2,10.4,24.9,28.5,29.0,100.0,0.0,20260825 1740
2026-08-25T17:55:56.213762+09:00,신촌·이대역,신촌·이대역,POI040,KEY_2,바쁜,135,3100000,3200000,29.2,70.8,0.6,14.4,51.8,20.5,5.8,6.9,97.0,3.0,20260825 1740
2026-08-25T17:55:56.213762+09:00,쌍문역,쌍문역,POI070,KEY_3,바쁜,44,800000,850000,46.9,53.1,0.0,4.7,39.3,5.5,24.2,26.3,100.0,0.0,20260825 1740
2026-08-25T17:55:56.213762+09:00,양재역,양재역,POI041,KEY_4,보통,64,1400000,1500000,73.2,26.8,0.0,2.0,8.5,16.4,50.4,22.6,93.6,6.4,20260825 1740
2026-08-25T17:55:56.213762+09:00,역삼역,역삼역,POI042,KEY_1,보통,75,1400000,1500000,22.4,77.6,0.0,7.5,41.8,13.4,18.8,18.5,86.9,13.1,20260825 1740
2026-08-25T17:55:56.213762+09:00,연신내역,연신내역,POI043,KEY_2,보통,65,1100000,1200000,55.7,44.3,1.8,11.1,10.2,8.4,24.4,44.1,100.0,0.0,20260825 1740
2026-08-25T17:55:56.213762+09:00,오목교역·목동운동장,오목교역·목동운동장,POI044,KEY_3,바쁜,145,4800000,4900000,73.4,26.6,1.6,3.1,8.5,15.7,51.7,19.4,97.3,2.7,20260825 1740
2026-08-25T17:55:56.213762+09:00,왕십리역,왕십리역,POI045,KEY_4,보통,73,1200000,1300000,60.4,39.6,0.0,17.1,24.3,20.0,28.9,9.7,90.3,9.7,20260825 1740
2026-08-25T17:55:56.213762+09:00,용산역,용산역,POI046,KEY_1,바쁜,103,2600000,2700000,60.0,40.0,0.0,12.0,15.9,9.4,19.1,43.7,94.2,5.8,20260825 1740
2026-08-25T17:55:56.213762+09:00,이태원역,이태원역,POI047,KEY_2,한산한,10,100000,150000,66.0,34.0,0.0,0.0,45.4,23.4,11.3,19.9,100.0,0.0,20260825 1740
2026-08-25T17:55:56.213762+09:00,잠실새내역,잠실새내역,POI118,KEY_3,분주한,116,6800000,6900000,84.5,15.5,0.4,1.8,9.4,72.6,13.7,2.2,97.7,2.3,20260825 1740
2026-08-25T17:55:56.213762+09:00,잠실역,잠실역,POI119,KEY_4,분주한,86,2600000,2700000,36.5,63.5,0.1,8.8,5.3,15.5,28.8,41.6,99.1,0.9,20260825 1740
2026-08-25T17:55:56.213762+09:00,장지역,장지역,POI048,KEY_1,보통,26,1100000,1200000,31.9,68.1,10.6,0.0,3.8,18.8,63.0,3.9,100.0,0.0,20260825 1740
2026-08-25T17:55:56.213762+09:00,장한평역,장한평역,POI049,KEY_2,바쁜,27,300000,350000,51.9,48.1,0.0,2.7,25.4,31.3,15.8,24.8,100.0,0.0,20260825 1740
2026-08-25T17:55:56.213762+09:00,천호역,천호역,POI050,KEY_3,분주한,77,2500000,2600000,52.7,47.3,0.5,4.7,18.6,49.6,6.9,19.8,100.0,0.0,20260825 1740
2026-08-25T17:55:56.213762+09:00,총신대입구(이수)역,총신대입구(이수)역,POI051,KEY_4,분주한,90,3300000,3400000,78.9,21.1,0.2,2.9,23.6,17.1,47.9,8.4,99.1,0.9,20260825 1740
2026-08-25T17:55:56.213762+09:00,충정로역,충정로역,POI052,KEY_1,한산한,8,20000,30000,96.2,3.8,0.0,0.0,30.8,0.0,50.0,19.2,100.0,0.0,20260825 1740
2026-08-25T17:55:56.213762+09:00,합정역,합정역,POI053,KEY_2,한산한,33,300000,350000,28.8,71.2,0.0,49.2,17.8,14.9,8.1,10.0,98.7,1.3,20260825 1740
2026-08-25T17:55:56.213762+09:00,혜화역,혜화역,POI054,KEY_3,보통,69,1600000,1700000,71.2,28.8,0.4,10.1,11.3,2.7,67.8,7.7,98.3,1.7,20260825 1740
2026-08-25T17:55:56.213762+09:00,홍대입구역(2호선),홍대입구역(2호선),POI055,KEY_4,보통,49,1100000,1200000,51.6,48.4,2.0,47.4,22.0,2.8,19.3,6.4,100.0,0.0,20260825 1740
2026-08-25T17:55:56.213762+09:00,회기역,회기역,POI056,KEY_1,바쁜,63,600000,650000,35.2,64.8,0.0,22.2,8.0,13.9,42.6,13.4,100.0,0.0,20260825 1740
2026-08-25T18:48:19.948036+09:00,광화문·덕수궁,광화문·덕수궁,POI009,KEY_2,바쁜,196,5900000,6000000,33.3,66.7,0.1,7.9,29.5,27.2,27.2,8.1,79.3,20.7,20260825 1830
2026-08-25T18:48:19.948036+09:00,보신각,보신각,POI010,KEY_3,바쁜,87,2300000,2400000,19.2,80.8,0.1,45.6,11.5,22.5,12.4,8.0,89.6,10.4,20260825 1830
2026-08-25T18:48:19.948036+09:00,강남 MICE 관광특구,강남 MICE 관광특구,POI001,KEY_2,분주한,45,2000000,2100000,30.3,69.7,0.2,8.9,46.3,26.6,18.0,0.0,23.5,76.5,20260825 1830
2026-08-25T18:48:19.948036+09:00,동대문 관광특구,동대문 관광특구,POI002,KEY_3,보통,36,400000,450000,49.9,50.1,0.0,17.5,22.6,15.9,20.8,23.2,92.3,7.7,20260825 1830
2026-08-25T18:48:19.948036+09:00,명동 관광특구,명동 관광특구,POI003,KEY_4,바쁜,509,9200000,9300000,41.1,58.9,0.2,23.5,24.7,15.1,22.2,14.2,85.4,14.6,20260825 1830
2026-08-25T18:48:19.948036+09:00,이태원 관광특구,이태원 관광특구,POI004,KEY_1,보통,45,850000,900000,27.7,72.3,0.0,44.6,12.3,11.8,7.1,24.2,93.2,6.8,20260825 1830
2026-08-25T18:48:19.948036+09:00,잠실 관광특구,잠실 관광특구,POI005,KEY_2,바쁜,164,3400000,3500000,32.6,67.4,3.7,17.7,25.8,35.2,11.8,5.9,95.3,4.7,20260825 1830
2026-08-25T18:48:19.948036+09:00,종로·청계 관광특구,종로·청계 관광특구,POI006,KEY_3,분주한,276,8900000,9000000,39.6,60.4,0.6,17.5,26.4,22.1,15.1,18.3,93.5,6.5,20260825 1830
2026-08-25T18:48:19.948036+09:00,홍대 관광특구,홍대 관광특구,POI007,KEY_4,바쁜,334,7400000,7500000,52.2,47.8,2.0,37.3,33.6,13.1,8.2,5.8,97.6,2.4,20260825 1830
2026-08-25T18:48:19.948036+09:00,가락시장,가락시장,POI058,KEY_2,바쁜,34,700000,750000,39.9,60.1,0.0,1.0,3.3,26.0,21.7,48.1,99.3,0.7,20260825 1830
2026-08-25T18:48:19.948036+09:00,가로수길,가로수길,POI059,KEY_3,바쁜,122,9700000,9800000,16.7,83.3,0.3,22.4,56.7,4.9,14.7,1.0,86.7,13.3,20260825 1830
2026-08-25T18:48:19.948036+09:00,광장(전통)시장,광장(전통)시장,POI060,KEY_4,분주한,42,3000000,3100000,42.8,57.2,0.0,5.2,48.2,13.0,11.7,21.9,100.0,0.0,20260825 1830
2026-08-25T18:48:19.948036+09:00,김포공항,김포공항,POI061,KEY_1,보통,9,100000,150000,99.0,1.0,0.0,0.0,4.8,90.4,0.0,4.8,92.9,7.1,20260825 1830
2026-08-25T18:48:19.948036+09:00,남대문시장,남대문시장,POI115,KEY_2,보통,24,500000,550000,81.8,18.2,2.1,7.8,28.1,13.3,42.4,6.3,72.5,27.5,20260825 1830
2026-08-25T18:48:19.948036+09:00,노량진,노량진,POI063,KEY_3,바쁜,110,1000000,1100000,42.7,57.3,3.9,23.3,15.0,12.1,39.0,6.7,89.5,10.5,20260825 1830
2026-08-25T18:48:19.948036+09:00,덕수궁길·정동길,덕수궁길·정동길,POI064,KEY_4,바쁜,18,400000,450000,39.3,60.7,2.7,12.4,15.1,4.5,34.5,30.7,100.0,0.0,20260825 1830
2026-08-25T18:48:19.948036+09:00,북창동 먹자골목,북창동 먹자골목,POI114,KEY_1,바쁜,47,850000,900000,60.1,39.9,0.0,30.6,32.4,16.5,12.0,8.6,89.7,10.3,20260825 1830
2026-08-25T18:48:19.948036+09:00,북촌한옥마을,북촌한옥마을,POI066,KEY_2,보통,28,450000,500000,37.5,62.5,0.4,26.7,29.0,19.8,10.6,13.5,100.0,0.0,20260825 1830
2026-08-25T18:48:19.948036+09:00,서촌,서촌,POI067,KEY_3,바쁜,49,850000,900000,45.8,54.2,0.0,50.5,16.7,9.8,10.9,12.1,94.0,6.0,20260825 1830
2026-08-25T18:48:19.948036+09:00,성수카페거리,성수카페거리,POI068,KEY_4,보통,121,1900000,2000000,32.3,67.7,4.8,41.1,28.8,11.9,9.6,3.8,80.3,19.7,20260825 1830
2026-08-25T18:48:19.948036+09:00,송리단길·호수단길,송리단길·호수단길,POI121,KEY_1,분주한,55,2200000,2300000,18.7,81.3,0.1,8.2,27.0,3.8,36.2,24.7,92.4,7.6,20260825 1830
2026-08-25T18:48:19.948036+09:00,신촌 스타광장,신촌 스타광장,POI122,KEY_2,분주한,40,750000,800000,16.0,84.0,0.1,17.8,4.6,63.4,10.8,3.3,99.0,1.0,20260825 1830
2026-08-25T18:48:19.948036+09:00,압구정로데오거리,압구정로데오거리,POI071,KEY_3,보통,63,4900000,5000000,9.8,90.2,0.0,46.2,44.2,2.6,3.8,3.3,96.5,3.5,20260825 1830
2026-08-25T18:48:19.948036+09:00,여의도,여의도,POI072,KEY_4,바쁜,289,8200000,8300000,35.3,64.7,0.0,6.8,58.1,15.7,11.8,7.5,71.1,28.9,20260825 1830
2026-08-25T18:48:19.948036+09:00,연남동,연남동,POI073,KEY_1,바쁜,59,1000000,1100000,57.1,42.9,0.0,35.7,30.7,9.1,4.8,19.6,98.8,1.2,20260825 1830
2026-08-25T18:48:19.948036+09:00,영등포 타임스퀘어,영등포 타임스퀘어,POI074,KEY_2,바쁜,110,3900000,4000000,39.6,60.4,0.0,12.9,18.6,34.0,17.9,16.7,95.2,4.8,20260825 1830
2026-08-25T18:48:19.948036+09:00,용리단길,용리단길,POI076,KEY_3,바쁜,31,1300000,1400000,61.7,38.3,0.0,52.2,19.1,0.3,25.7,2.7,89.3,10.7,20260825 1830
2026-08-25T18:48:19.948036+09:00,이태원 앤틱가구거리,이태원 앤틱가구거리,POI077,KEY_4,한산한,6,30000,40000,87.5,12.5,0.0,12.5,0.0,46.9,3.1,37.5,86.1,13.9,20260825 1830
2026-08-25T18:48:19.948036+09:00,익선동,익선동,POI116,KEY_1,보통,56,1100000,1200000,44.1,55.9,0.0,16.1,7.7,5.4,52.2,18.6,93.7,6.3,20260825 1830
2026-08-25T18:48:19.948036+09:00,인사동,인사동,POI078,KEY_2,보통,66,1000000,1100000,21.2,78.8,0.0,13.0,37.2,12.0,27.5,10.3,86.4,13.6,20260825 1830
2026-08-25T18:48:19.948036+09:00,잠실롯데타워·석촌호수,잠실롯데타워·석촌호수,POI120,KEY_3,바쁜,152,3100000,3200000,25.6,74.4,4.1,19.6,27.8,29.4,13.0,6.1,94.8,5.2,20260825 1830
2026-08-25T18:48:19.948036+09:00,창동 신경제 중심지,창동 신경제 중심지,POI079,KEY_4,바쁜,219,5800000,5900000,33.6,66.4,1.2,7.8,17.7,13.5,30.9,28.9,72.9,27.1,20260825 1830
2026-08-25T18:48:19.948036+09:00,청담동 명품거리,청담동 명품거리,POI080,KEY_1,한산한,19,350000,400000,25.6,74.4,0.0,0.0,67.6,21.9,1.8,8.7,59.3,40.7,20260825 1830
2026-08-25T18:48:19.948036+09:00,청량리 제기동 일대 전통시장,청량리 제기동 일대 전통시장,POI081,KEY_2,바쁜,20,900000,950000,25.8,74.2,0.0,0.3,4.2,0.7,70.0,24.7,100.0,0.0,20260825 1830
2026-08-25T18:48:19.948036+09:00,해방촌·경리단길,해방촌·경리단길,POI082,KEY_3,한산한,4,20000,30000,76.2,23.8,0.0,0.0,57.1,42.9,0.0,0.0,100.0,0.0,20260825 1830
2026-08-25T18:48:19.948036+09:00,DDP(동대문디자인플라자),DDP(동대문디자인플라자),POI083,KEY_4,한산한,4,70000,80000,71.8,28.2,0.0,26.8,45.1,28.2,0.0,0.0,100.0,0.0,20260825 1830
2026-08-25T18:48:19.948036+09:00,DMC(디지털미디어시티),DMC(디지털미디어시티),POI084,KEY_1,바쁜,64,850000,900000,39.2,60.8,0.0,4.8,24.2,26.0,30.5,14.5,68.8,31.2,20260825 1830
2026-08-25T18:48:19.948036+09:00,가산디지털단지역,가산디지털단지역,POI013,KEY_2,바쁜,124,2300000,2400000,49.8,50.2,0.3,14.7,25.5,17.1,27.5,14.9,74.7,25.3,20260825 1830
2026-08-25T18:48:19.948036+09:00,강남역,강남역,POI014,KEY_3,보통,369,8800000,8900000,41.3,58.7,0.9,23.7,37.1,20.3,13.1,5.0,92.3,7.7,20260825 1830
2026-08-25T18:48:19.948036+09:00,건대입구역,건대입구역,POI015,KEY_4,보통,131,2200000,2300000,45.5,54.5,0.5,18.8,22.1,13.3,23.7,21.7,81.6,18.4,20260825 1830
2026-08-25T18:48:19.948036+09:00,고덕역,고덕역,POI016,KEY_1,한산한,30,350000,400000,45.4,54.6,0.2,8.2,2.3,27.1,30.0,32.2,81.7,18.3,20260825 1830
2026-08-25T18:48:19.948036+09:00,고속터미널역,고속터미널역,POI017,KEY_2,보통,100,1600000,1700000,40.5,59.5,2.7,13.8,20.9,4.5,30.0,28.2,89.4,10.6,20260825 1830
2026-08-25T18:48:19.948036+09:00,교대역,교대역,POI018,KEY_3,바쁜,89,2100000,2200000,68.3,31.7,0.0,11.6,30.0,5.5,45.8,7.1,76.9,23.1,20260825 1830
2026-08-25T18:48:19.948036+09:00,구로디지털단지역,구로디지털단지역,POI019,KEY_4,바쁜,124,2400000,2500000,44.7,55.3,0.0,23.1,27.4,15.3,21.3,12.9,88.8,11.2,20260825 1830
2026-08-25T18:48:19.948036+09:00,구로역,구로역,POI020,KEY_1,보통,28,400000,450000,52.7,47.3,1.4,0.0,26.3,18.7,38.0,15.6,87.4,12.6,20260825 1830
2026-08-25T18:48:19.948036+09:00,군자역,군자역,POI021,KEY_2,보통,27,400000,450000,71.3,28.7,0.0,35.5,18.2,18.8,15.9,11.6,87.1,12.9,20260825 1830
2026-08-25T18:48:19.948036+09:00,대림역,대림역,POI023,KEY_3,한산한,23,100000,150000,66.2,33.8,0.0,9.2,27.7,33.1,18.5,11.5,100.0,0.0,20260825 1830
2026-08-25T18:48:19.948036+09:00,동대문역,동대문역,POI024,KEY_4,보통,12,200000,250000,56.4,43.6,0.0,50.0,2.0,15.2,4.9,27.9,89.4,10.6,20260825 1830
2026-08-25T18:48:19.948036+09:00,뚝섬역,뚝섬역,POI025,KEY_1,바쁜,59,1000000,1100000,54.3,45.7,0.3,7.8,15.7,19.9,35.6,20.7,87.5,12.5,20260825 1830
2026-08-25T18:48:19.948036+09:00,미아사거리역,미아사거리역,POI026,KEY_2,보통,33,1000000,1100000,46.7,53.3,0.7,0.6,21.8,1.9,53.5,21.5,100.0,0.0,20260825 1830
2026-08-25T18:48:19.948036+09:00,발산역,발산역,POI027,KEY_3,보통,97,3300000,3400000,27.0,73.0,0.0,12.0,16.6,33.2,6.6,31.5,91.9,8.1,20260825 1830
2026-08-25T18:48:19.948036+09:00,사당역,사당역,POI029,KEY_4,보통,79,1000000,1100000,63.2,36.8,0.0,14.9,46.3,17.2,7.1,14.5,100.0,0.0,20260825 1830
2026-08-25T18:48:19.948036+09:00,서울대입구역,서울대입구역,POI031,KEY_2,바쁜,105,1600000,1700000,51.0,49.0,0.9,22.1,23.8,17.7,17.1,18.5,95.7,4.3,20260825 1830
2026-08-25T18:48:19.948036+09:00,서울식물원·마곡나루역,서울식물원·마곡나루역,POI032,KEY_3,보통,49,550000,600000,45.6,54.4,0.0,13.9,17.1,20.2,40.6,8.2,80.0,20.0,20260825 1830
2026-08-25T18:48:19.948036+09:00,서울역,서울역,POI033,KEY_4,보통,55,1400000,1500000,64.1,35.9,0.0,3.2,35.4,11.2,41.6,8.5,67.3,32.7,20260825 1830
2026-08-25T18:48:19.948036+09:00,선릉역,선릉역,POI034,KEY_1,바쁜,128,3700000,3800000,38.2,61.8,0.1,18.7,47.8,13.4,13.8,6.3,88.9,11.1,20260825 1830
2026-08-25T18:48:19.948036+09:00,성신여대입구역,성신여대입구역,POI035,KEY_2,바쁜,74,1000000,1100000,48.2,51.8,0.0,35.0,9.9,12.8,26.6,15.7,100.0,0.0,20260825 1830
2026-08-25T18:48:19.948036+09:00,수유역,수유역,POI036,KEY_3,바쁜,104,1800000,1900000,59.3,40.7,4.6,7.5,14.5,19.7,21.2,32.5,94.2,5.8,20260825 1830
2026-08-25T18:48:19.948036+09:00,신논현역·논현역,신논현역·논현역,POI037,KEY_2,보통,54,1900000,2000000,67.5,32.5,0.0,8.4,61.2,12.6,12.1,5.7,95.4,4.6,20260825 1830
2026-08-25T18:48:19.948036+09:00,신도림역,신도림역,POI038,KEY_3,한산한,10,20000,30000,27.3,72.7,0.0,9.1,15.9,25.0,43.2,6.8,100.0,0.0,20260825 1830
2026-08-25T18:48:19.948036+09:00,신림역,신림역,POI039,KEY_4,바쁜,104,2000000,2100000,30.6,69.4,0.8,33.6,25.3,8.4,13.4,18.4,100.0,0.0,20260825 1830
2026-08-25T18:48:19.948036+09:00,신정네거리역,신정네거리역,POI117,KEY_1,보통,26,350000,400000,34.2,65.8,0.0,11.6,7.1,9.5,43.9,27.9,100.0,0.0,20260825 1830
2026-08-25T18:48:19.948036+09:00,신촌·이대역,신촌·이대역,POI040,KEY_2,바쁜,194,3300000,3400000,30.4,69.6,0.4,29.3,12.2,37.2,10.5,10.4,96.0,4.0,20260825 1830
2026-08-25T18:48:19.948036+09:00,쌍문역,쌍문역,POI070,KEY_3,보통,44,500000,550000,60.4,39.6,1.2,9.6,18.9,14.3,37.1,18.9,96.3,3.7,20260825 1830
2026-08-25T18:48:19.948036+09:00,양재역,양재역,POI041,KEY_4,보통,65,1000000,1100000,45.8,54.2,0.0,6.9,33.4,15.8,32.4,11.5,76.9,23.1,20260825 1830
2026-08-25T18:48:19.948036+09:00,역삼역,역삼역,POI042,KEY_1,분주한,114,6000000,6100000,83.8,16.2,0.2,77.7,6.4,4.6,9.2,2.0,94.1,5.9,20260825 1830
2026-08-25T18:48:19.948036+09:00,연신내역,연신내역,POI043,KEY_2,바쁜,89,1800000,1900000,51.9,48.1,2.1,17.1,5.4,17.8,25.4,32.3,99.4,0.6,20260825 1830
2026-08-25T18:48:19.948036+09:00,오목교역·목동운동장,오목교역·목동운동장,POI044,KEY_3,보통,147,3100000,3200000,35.7,64.3,0.8,3.7,16.9,41.5,25.0,12.1,92.2,7.8,20260825 1830
2026-08-25T18:48:19.948036+09:00,왕십리역,왕십리역,POI045,KEY_4,바쁜,88,1900000,2000000,46.0,54.0,1.5,19.7,20.5,12.3,17.5,28.5,70.9,29.1,20260825 1830
2026-08-25T18:48:19.948036+09:00,용산역,용산역,POI046,KEY_1,보통,132,2300000,2400000,38.9,61.1,1.9,31.3,19.9,16.4,11.9,18.6,82.2,17.8,20260825 1830
2026-08-25T18:48:19.948036+09:00,이태원역,이태원역,POI047,KEY_2,한산한,10,80000,90000,57.1,42.9,0.0,31.0,4.8,3.6,46.4,14.3,94.4,5.6,20260825 1830
2026-08-25T18:48:19.948036+09:00,잠실새내역,잠실새내역,POI118,KEY_3,바쁜,96,2500000,2600000,53.9,46.1,0.0,17.4,4.9,49.2,13.1,15.4,97.3,2.7,20260825 1830
2026-08-25T18:48:19.948036+09:00,잠실역,잠실역,POI119,KEY_4,보통,92,1200000,1300000,30.1,69.9,7.6,27.1,20.1,14.8,20.9,9.6,99.5,0.5,20260825 1830
2026-08-25T18:48:19.948036+09:00,장지역,장지역,POI048,KEY_1,분주한,68,4700000,4800000,87.1,12.9,0.0,1.9,7.6,2.3,85.5,2.8,97.0,3.0,20260825 1830
2026-08-25T18:48:19.948036+09:00,장한평역,장한평역,POI049,KEY_2,바쁜,38,400000,450000,50.4,49.6,0.0,10.7,9.2,12.9,19.7,47.4,88.6,11.4,20260825 1830
2026-08-25T18:48:19.948036+09:00,천호역,천호역,POI050,KEY_3,바쁜,81,2000000,2100000,21.2,78.8,0.5,36.8,9.9,8.5,23.9,20.5,95.3,4.7,20260825 1830
2026-08-25T18:48:19.948036+09:00,총신대입구(이수)역,총신대입구(이수)역,POI051,KEY_4,분주한,120,2700000,2800000,37.1,62.9,0.0,6.6,40.3,14.8,17.1,21.2,98.8,1.2,20260825 1830
2026-08-25T18:48:19.948036+09:00,충정로역,충정로역,POI052,KEY_1,한산한,10,30000,40000,38.5,61.5,0.0,0.0,69.2,5.1,25.6,0.0,100.0,0.0,20260825 1830
2026-08-25T18:48:19.948036+09:00,합정역,합정역,POI053,KEY_2,보통,41,700000,750000,34.6,65.4,8.9,38.1,20.3,18.4,9.2,5.1,100.0,0.0,20260825 1830
2026-08-25T18:48:19.948036+09:00,혜화역,혜화역,POI054,KEY_3,보통,122,1600000,1700000,24.5,75.5,1.8,37.6,23.3,10.9,21.4,4.9,95.7,4.3,20260825 1830
2026-08-25T18:48:19.948036+09:00,홍대입구역(2호선),홍대입구역(2호선),POI055,KEY_4,바쁜,66,1700000,1800000,37.5,62.5,3.1,39.6,36.3,8.1,7.3,5.5,98.4,1.6,20260825 1830
2026-08-25T18:48:19.948036+09:00,회기역,회기역,POI056,KEY_1,바쁜,54,650000,700000,48.5,51.5,0.0,25.6,9.1,20.0,26.3,19.0,98.4,1.6,20260825 1830
2026-08-25T19:44:28.226307+09:00,광화문·덕수궁,광화문·덕수궁,POI009,KEY_2,바쁜,178,5900000,6000000,60.6,39.4,4.2,10.7,28.3,30.5,15.2,11.1,66.6,33.4,20260825 1930
2026-08-25T19:44:28.226307+09:00,보신각,보신각,POI010,KEY_3,분주한,82,3700000,3800000,83.9,16.1,0.9,12.7,44.7,19.9,8.2,13.6,71.4,28.6,20260825 1930
2026-08-25T19:44:28.226307+09:00,강남 MICE 관광특구,강남 MICE 관광특구,POI001,KEY_2,분주한,48,5700000,5800000,21.4,78.6,0.0,22.1,26.2,23.5,4.5,23.6,15.1,84.9,20260825 1930
2026-08-25T19:44:28.226307+09:00,동대문 관광특구,동대문 관광특구,POI002,KEY_3,보통,40,400000,450000,56.8,43.2,0.0,44.6,15.3,23.8,9.2,7.1,100.0,0.0,20260825 1930
2026-08-25T19:44:28.226307+09:00,명동 관광특구,명동 관광특구,POI003,KEY_4,바쁜,477,9800000,9900000,54.3,45.7,1.7,17.6,21.8,23.8,21.7,13.5,65.1,34.9,20260825 1930
2026-08-25T19:44:28.226307+09:00,이태원 관광특구,이태원 관광특구,POI004,KEY_1,바쁜,45,1200000,1300000,42.3,57.7,0.0,37.5,40.7,5.5,13.9,2.4,95.3,4.7,20260825 1930
2026-08-25T19:44:28.226307+09:00,잠실 관광특구,잠실 관광특구,POI005,KEY_2,바쁜,184,4800000,4900000,28.0,72.0,2.4,13.7,39.0,19.2,22.9,2.9,86.8,13.2,20260825 1930
2026-08-25T19:44:28.226307+09:00,종로·청계 관광특구,종로·청계 관광특구,POI006,KEY_3,분주한,221,9500000,9600000,66.8,33.2,3.0,13.0,30.1,22.1,16.5,15.3,70.1,29.9,20260825 1930
2026-08-25T19:44:28.226307+09:00,홍대 관광특구,홍대 관광특구,POI007,KEY_4,분주한,363,11000000,12000000,30.0,70.0,2.6,40.8,36.5,3.8,10.9,5.4,74.5,25.5,20260825 1930
2026-08-25T19:44:28.226307+09:00,가락시장,가락시장,POI058,KEY_2,보통,13,450000,500000,58.1,41.9,0.0,0.6,38.1,59.3,1.4,0.6,100.0,0.0,20260825 1930
2026-08-25T19:44:28.226307+09:00,가로수길,가로수길,POI059,KEY_3,바쁜,88,6600000,6700000,67.9,32.1,0.0,8.9,61.3,14.5,12.6,2.7,86.3,13.7,20260825 1930
2026-08-25T19:44:28.226307+09:00,광장(전통)시장,광장(전통)시장,POI060,KEY_4,보통,20,800000,850000,17.3,82.7,0.0,9.4,23.5,39.1,12.5,15.6,59.4,40.6,20260825 1930
2026-08-25T19:44:28.226307+09:00,김포공항,김포공항,POI061,KEY_1,한산한,4,30000,40000,33.3,66.7,0.0,0.0,41.0,59.0,0.0,0.0,100.0,0.0,20260825 1930
2026-08-25T19:44:28.226307+09:00,남대문시장,남대문시장,POI115,KEY_2,보통,12,500000,550000,28.8,71.2,0.0,0.0,19.4,26.2,6.3,48.2,37.5,62.5,20260825 1930
2026-08-25T19:44:28.226307+09:00,노량진,노량진,POI063,KEY_3,바쁜,67,1100000,1200000,64.2,35.8,1.7,25.4,16.5,17.4,38.0,1.0,92.7,7.3,20260825 1930
2026-08-25T19:44:28.226307+09:00,덕수궁길·정동길,덕수궁길·정동길,POI064,KEY_4,보통,9,150000,200000,65.8,34.2,0.0,15.0,34.2,50.8,0.0,0.0,100.0,0.0,20260825 1930
2026-08-25T19:44:28.226307+09:00,북창동 먹자골목,북창동 먹자골목,POI114,KEY_1,분주한,63,2400000,2500000,49.6,50.4,5.3,16.8,22.4,28.7,25.6,1.2,57.5,42.5,20260825 1930
2026-08-25T19:44:28.226307+09:00,북촌한옥마을,북촌한옥마을,POI066,KEY_2,바쁜,35,950000,1000000,50.5,49.5,0.0,21.8,24.2,6.7,27.0,20.4,82.8,17.2,20260825 1930
2026-08-25T19:44:28.226307+09:00,서촌,서촌,POI067,KEY_3,바쁜,24,1400000,1500000,47.2,52.8,0.0,8.6,25.0,34.2,8.4,23.8,53.8,46.2,20260825 1930
2026-08-25T19:44:28.226307+09:00,성수카페거리,성수카페거리,POI068,KEY_4,바쁜,98,3000000,3100000,43.4,56.6,4.0,41.8,29.9,9.6,11.7,3.0,77.9,22.1,20260825 1930
2026-08-25T19:44:28.226307+09:00,송리단길·호수단길,송리단길·호수단길,POI121,KEY_1,바쁜,70,1800000,1900000,40.2,59.8,0.0,28.8,26.8,20.2,13.6,10.6,77.2,22.8,20260825 1930
2026-08-25T19:44:28.226307+09:00,신촌 스타광장,신촌 스타광장,POI122,KEY_2,한산한,25,150000,200000,40.2,59.8,0.0,19.6,30.2,30.7,9.5,10.1,100.0,0.0,20260825 1930
2026-08-25T19:44:28.226307+09:00,압구정로데오거리,압구정로데오거리,POI071,KEY_3,보통,45,2700000,2800000,65.3,34.7,0.0,18.7,15.6,16.2,16.4,33.1,76.7,23.3,20260825 1930
2026-08-25T19:44:28.226307+09:00,여의도,여의도,POI072,KEY_4,바쁜,236,9600000,9700000,53.5,46.5,0.0,19.8,17.6,33.2,21.4,8.0,51.7,48.3,20260825 1930
2026-08-25T19:44:28.226307+09:00,연남동,연남동,POI073,KEY_1,바쁜,59,1200000,1300000,43.2,56.8,0.7,48.1,29.7,5.9,14.7,1.0,91.1,8.9,20260825 1930
2026-08-25T19:44:28.226307+09:00,영등포 타임스퀘어,영등포 타임스퀘어,POI074,KEY_2,바쁜,121,4200000,4300000,38.7,61.3,0.1,37.6,31.7,10.1,14.1,6.4,86.1,13.9,20260825 1930
2026-08-25T19:44:28.226307+09:00,용리단길,용리단길,POI076,KEY_3,바쁜,20,1000000,1100000,40.9,59.1,0.0,54.2,18.1,22.7,0.0,4.9,82.9,17.1,20260825 1930
2026-08-25T19:44:28.226307+09:00,이태원 앤틱가구거리,이태원 앤틱가구거리,POI077,KEY_4,바쁜,15,350000,400000,53.5,46.5,0.0,30.0,25.8,15.3,4.2,24.6,100.0,0.0,20260825 1910
2026-08-25T19:44:28.226307+09:00,익선동,익선동,POI116,KEY_1,분주한,57,2500000,2600000,74.2,25.8,0.1,15.6,22.1,12.3,19.5,30.4,92.3,7.7,20260825 1930
2026-08-25T19:44:28.226307+09:00,인사동,인사동,POI078,KEY_2,바쁜,66,1900000,2000000,58.3,41.7,0.7,14.2,11.7,7.9,27.5,38.0,76.4,23.6,20260825 1930
2026-08-25T19:44:28.226307+09:00,잠실롯데타워·석촌호수,잠실롯데타워·석촌호수,POI120,KEY_3,바쁜,171,4700000,4800000,26.5,73.5,2.5,14.1,39.9,18.1,22.9,2.5,86.4,13.6,20260825 1930
2026-08-25T19:44:28.226307+09:00,창동 신경제 중심지,창동 신경제 중심지,POI079,KEY_4,분주한,180,9400000,9500000,31.6,68.4,0.1,7.8,11.7,9.8,60.9,9.7,98.3,1.7,20260825 1930
2026-08-25T19:44:28.226307+09:00,청담동 명품거리,청담동 명품거리,POI080,KEY_1,한산한,8,50000,60000,38.2,61.8,0.0,2.9,41.2,8.8,47.1,0.0,58.6,41.4,20260825 1930
2026-08-25T19:44:28.226307+09:00,청량리 제기동 일대 전통시장,청량리 제기동 일대 전통시장,POI081,KEY_2,보통,26,600000,650000,64.6,35.4,0.0,7.3,21.3,1.0,27.4,43.0,100.0,0.0,20260825 1930
2026-08-25T19:44:28.226307+09:00,해방촌·경리단길,해방촌·경리단길,POI082,KEY_3,한산한,6,100000,150000,47.5,52.5,0.0,28.7,57.4,8.9,0.0,5.0,100.0,0.0,20260825 1930
2026-08-25T19:44:28.226307+09:00,DDP(동대문디자인플라자),DDP(동대문디자인플라자),POI083,KEY_4,한산한,4,30000,40000,0.0,100.0,0.0,0.0,9.7,0.0,87.1,3.2,100.0,0.0,20260825 1910
2026-08-25T19:44:28.226307+09:00,DMC(디지털미디어시티),DMC(디지털미디어시티),POI084,KEY_1,바쁜,68,2100000,2200000,77.2,22.8,0.0,7.7,62.2,14.0,6.8,9.3,49.4,50.6,20260825 1930
2026-08-25T19:44:28.226307+09:00,가산디지털단지역,가산디지털단지역,POI013,KEY_2,분주한,111,3700000,3800000,83.4,16.6,0.0,13.7,43.9,22.7,14.7,5.0,68.7,31.3,20260825 1930
2026-08-25T19:44:28.226307+09:00,강남역,강남역,POI014,KEY_3,보통,341,9200000,9300000,34.3,65.7,3.1,30.9,29.8,24.4,6.9,4.8,90.7,9.3,20260825 1930
2026-08-25T19:44:28.226307+09:00,건대입구역,건대입구역,POI015,KEY_4,바쁜,168,4100000,4200000,51.6,48.4,2.1,35.4,29.6,8.1,11.0,13.9,90.3,9.7,20260825 1930
2026-08-25T19:44:28.226307+09:00,고덕역,고덕역,POI016,KEY_1,보통,35,600000,650000,61.8,38.2,4.2,4.2,8.4,36.9,35.6,10.6,100.0,0.0,20260825 1930
2026-08-25T19:44:28.226307+09:00,고속터미널역,고속터미널역,POI017,KEY_2,바쁜,88,2300000,2400000,49.9,50.1,0.0,10.1,16.0,36.1,19.7,18.0,78.2,21.8,20260825 1930
2026-08-25T19:44:28.226307+09:00,교대역,교대역,POI018,KEY_3,분주한,77,3600000,3700000,61.1,38.9,0.0,3.0,20.2,34.3,17.1,25.3,57.1,42.9,20260825 1930
2026-08-25T19:44:28.226307+09:00,구로디지털단지역,구로디지털단지역,POI019,KEY_4,바쁜,117,2700000,2800000,48.9,51.1,0.3,18.2,25.5,21.5,15.3,19.2,94.8,5.2,20260825 1930
2026-08-25T19:44:28.226307+09:00,구로역,구로역,POI020,KEY_1,한산한,11,80000,90000,38.0,62.0,0.0,11.1,19.4,28.8,6.3,34.4,100.0,0.0,20260825 1930
2026-08-25T19:44:28.226307+09:00,군자역,군자역,POI021,KEY_2,분주한,59,1100000,1200000,65.3,34.7,0.0,35.2,24.2,2.6,6.1,31.9,100.0,0.0,20260825 1930
2026-08-25T19:44:28.226307+09:00,대림역,대림역,POI023,KEY_3,분주한,34,950000,1000000,85.2,14.8,0.0,4.5,23.3,10.2,49.8,12.1,100.0,0.0,20260825 1930
2026-08-25T19:44:28.226307+09:00,동대문역,동대문역,POI024,KEY_4,분주한,17,950000,1000000,46.4,53.6,0.0,19.0,22.2,1.2,44.9,12.8,59.7,40.3,20260825 1930
2026-08-25T19:44:28.226307+09:00,뚝섬역,뚝섬역,POI025,KEY_1,분주한,59,1600000,1700000,47.6,52.4,0.0,22.8,25.1,23.6,18.4,10.1,74.2,25.8,20260825 1930
2026-08-25T19:44:28.226307+09:00,미아사거리역,미아사거리역,POI026,KEY_2,보통,50,1000000,1100000,60.8,39.2,9.4,16.3,27.0,8.3,28.7,10.3,100.0,0.0,20260825 1930
2026-08-25T19:44:28.226307+09:00,발산역,발산역,POI027,KEY_3,분주한,127,5400000,5500000,52.0,48.0,0.2,13.9,17.5,21.2,34.4,12.9,83.2,16.8,20260825 1930
2026-08-25T19:44:28.226307+09:00,사당역,사당역,POI029,KEY_4,분주한,116,3400000,3500000,65.6,34.4,2.2,17.0,21.4,19.2,12.7,27.6,84.8,15.2,20260825 1930
2026-08-25T19:44:28.226307+09:00,서울대입구역,서울대입구역,POI031,KEY_2,분주한,99,2300000,2400000,41.7,58.3,2.6,35.1,22.1,9.1,18.4,12.6,63.2,36.8,20260825 1930
2026-08-25T19:44:28.226307+09:00,서울식물원·마곡나루역,서울식물원·마곡나루역,POI032,KEY_3,바쁜,54,1100000,1200000,25.3,74.7,0.0,17.7,47.8,14.8,8.7,11.1,82.8,17.2,20260825 1930
2026-08-25T19:44:28.226307+09:00,서울역,서울역,POI033,KEY_4,한산한,34,800000,850000,35.1,64.9,1.3,19.9,14.3,29.2,15.4,19.9,84.3,15.7,20260825 1930
2026-08-25T19:44:28.226307+09:00,선릉역,선릉역,POI034,KEY_1,분주한,144,5200000,5300000,71.5,28.5,0.0,9.5,26.8,23.0,12.7,28.0,69.2,30.8,20260825 1930
2026-08-25T19:44:28.226307+09:00,성신여대입구역,성신여대입구역,POI035,KEY_2,분주한,53,1500000,1600000,41.9,58.1,0.0,32.4,39.5,5.8,4.8,17.5,54.7,45.3,20260825 1930
2026-08-25T19:44:28.226307+09:00,수유역,수유역,POI036,KEY_3,분주한,118,2200000,2300000,62.4,37.6,7.0,8.4,17.8,9.4,32.2,25.1,95.3,4.7,20260825 1930
2026-08-25T19:44:28.226307+09:00,신논현역·논현역,신논현역·논현역,POI037,KEY_2,분주한,67,6500000,6600000,19.4,80.6,0.0,4.9,24.9,23.3,40.8,6.1,90.6,9.4,20260825 1930
2026-08-25T19:44:28.226307+09:00,신도림역,신도림역,POI038,KEY_3,한산한,6,20000,30000,38.1,61.9,0.0,28.6,38.1,23.8,9.5,0.0,100.0,0.0,20260825 1930
2026-08-25T19:44:28.226307+09:00,신림역,신림역,POI039,KEY_4,분주한,159,4400000,4500000,33.8,66.2,0.1,16.6,57.1,8.5,13.4,4.3,80.2,19.8,20260825 1930
2026-08-25T19:44:28.226307+09:00,신정네거리역,신정네거리역,POI117,KEY_1,한산한,19,200000,250000,50.4,49.6,0.0,11.6,7.3,21.1,39.2,20.7,100.0,0.0,20260825 1930
2026-08-25T19:44:28.226307+09:00,신촌·이대역,신촌·이대역,POI040,KEY_2,바쁜,147,3100000,3200000,29.0,71.0,0.4,23.8,21.7,5.8,41.0,7.4,92.4,7.6,20260825 1930
2026-08-25T19:44:28.226307+09:00,쌍문역,쌍문역,POI070,KEY_3,바쁜,40,650000,700000,55.0,45.0,0.0,5.3,8.5,26.9,47.9,11.3,92.1,7.9,20260825 1930
2026-08-25T19:44:28.226307+09:00,양재역,양재역,POI041,KEY_4,보통,56,1600000,1700000,54.8,45.2,0.3,28.0,14.4,7.3,17.4,32.6,54.8,45.2,20260825 1930
2026-08-25T19:44:28.226307+09:00,역삼역,역삼역,POI042,KEY_1,바쁜,137,3800000,3900000,51.8,48.2,0.0,18.2,15.0,22.4,8.9,35.5,63.8,36.2,20260825 1930
2026-08-25T19:44:28.226307+09:00,연신내역,연신내역,POI043,KEY_2,바쁜,86,1700000,1800000,48.7,51.3,0.1,11.3,34.4,20.5,12.6,21.2,100.0,0.0,20260825 1930
2026-08-25T19:44:28.226307+09:00,오목교역·목동운동장,오목교역·목동운동장,POI044,KEY_3,바쁜,134,4100000,4200000,61.9,38.1,0.4,2.7,18.4,29.6,40.1,9.0,86.9,13.1,20260825 1930
2026-08-25T19:44:28.226307+09:00,왕십리역,왕십리역,POI045,KEY_4,바쁜,97,1900000,2000000,51.7,48.3,0.0,27.4,18.2,13.9,18.5,22.0,99.3,0.7,20260825 1930
2026-08-25T19:44:28.226307+09:00,용산역,용산역,POI046,KEY_1,보통,107,1800000,1900000,46.7,53.3,1.0,20.7,32.8,16.6,24.2,4.7,89.9,10.1,20260825 1930
2026-08-25T19:44:28.226307+09:00,이태원역,이태원역,POI047,KEY_2,한산한,7,100000,150000,41.7,58.3,0.0,50.9,41.7,0.0,7.4,0.0,100.0,0.0,20260825 1930
2026-08-25T19:44:28.226307+09:00,잠실새내역,잠실새내역,POI118,KEY_3,보통,75,1300000,1400000,53.1,46.9,0.8,32.2,22.1,13.4,24.0,7.6,75.2,24.8,20260825 1930
2026-08-25T19:44:28.226307+09:00,잠실역,잠실역,POI119,KEY_4,바쁜,106,1900000,2000000,18.3,81.7,1.3,15.7,23.1,18.6,36.6,4.7,97.9,2.1,20260825 1930
2026-08-25T19:44:28.226307+09:00,장지역,장지역,POI048,KEY_1,보통,41,900000,950000,57.6,42.4,0.0,5.7,23.0,23.9,28.5,18.8,96.6,3.4,20260825 1930
2026-08-25T19:44:28.226307+09:00,장한평역,장한평역,POI049,KEY_2,분주한,41,1200000,1300000,48.4,51.6,0.0,14.2,17.9,18.7,17.6,31.6,67.1,32.9,20260825 1930
2026-08-25T19:44:28.226307+09:00,천호역,천호역,POI050,KEY_3,분주한,78,2500000,2600000,59.4,40.6,0.6,15.6,41.7,8.5,11.0,22.6,100.0,0.0,20260825 1930
2026-08-25T19:44:28.226307+09:00,총신대입구(이수)역,총신대입구(이수)역,POI051,KEY_4,바쁜,75,2100000,2200000,60.0,40.0,1.1,17.7,21.9,18.9,3.7,36.7,95.9,4.1,20260825 1930
2026-08-25T19:44:28.226307+09:00,충정로역,충정로역,POI052,KEY_1,바쁜,14,200000,250000,83.5,16.5,0.0,12.5,12.5,2.7,15.6,56.7,100.0,0.0,20260825 1930
2026-08-25T19:44:28.226307+09:00,합정역,합정역,POI053,KEY_2,분주한,61,1800000,1900000,38.6,61.4,0.5,21.8,38.2,19.0,11.6,8.8,76.9,23.1,20260825 1930
2026-08-25T19:44:28.226307+09:00,혜화역,혜화역,POI054,KEY_3,바쁜,95,2200000,2300000,45.8,54.2,2.0,29.5,26.8,12.7,21.6,7.4,96.8,3.2,20260825 1930
2026-08-25T19:44:28.226307+09:00,홍대입구역(2호선),홍대입구역(2호선),POI055,KEY_4,분주한,71,2500000,2600000,19.6,80.4,3.7,28.9,53.9,1.6,10.0,2.0,93.3,6.7,20260825 1930
2026-08-25T19:44:28.226307+09:00,회기역,회기역,POI056,KEY_1,분주한,66,900000,950000,47.6,52.4,0.9,49.1,13.8,14.6,15.8,5.8,98.2,1.8,20260825 1930
2026-08-25T20:38:44.554883+09:00,광화문·덕수궁,광화문·덕수궁,POI009,KEY_2,분주한,109,7900000,8000000,48.9,51.1,2.0,20.4,9.2,37.8,26.2,4.4,48.5,51.5,20260825 2020
2026-08-25T20:38:44.554883+09:00,보신각,보신각,POI010,KEY_3,분주한,64,3700000,3800000,56.7,43.3,1.8,21.8,38.8,16.0,16.6,5.0,53.3,46.7,20260825 2020
2026-08-25T20:38:44.554883+09:00,강남 MICE 관광특구,강남 MICE 관광특구,POI001,KEY_2,바쁜,44,1400000,1500000,50.4,49.6,0.0,4.0,23.8,3.6,33.5,35.1,95.7,4.3,20260825 2020
2026-08-25T20:38:44.554883+09:00,동대문 관광특구,동대문 관광특구,POI002,KEY_3,바쁜,49,1000000,1100000,83.1,16.9,0.0,39.4,32.7,7.5,17.5,2.9,81.6,18.4,20260825 2020
2026-08-25T20:38:44.554883+09:00,명동 관광특구,명동 관광특구,POI003,KEY_4,분주한,407,14000000,15000000,68.5,31.5,0.8,12.5,30.0,16.8,27.6,12.2,68.9,31.1,20260825 2020
2026-08-25T20:38:44.554883+09:00,이태원 관광특구,이태원 관광특구,POI004,KEY_1,바쁜,32,1800000,1900000,59.9,40.1,0.0,25.3,40.9,0.0,28.1,5.7,55.3,44.7,20260825 2020
2026-08-25T20:38:44.554883+09:00,잠실 관광특구,잠실 관광특구,POI005,KEY_2,분주한,183,6100000,6200000,61.6,38.4,0.6,27.9,33.7,17.4,12.6,7.7,75.1,24.9,20260825 2020
2026-08-25T20:38:44.554883+09:00,종로·청계 관광특구,종로·청계 관광특구,POI006,KEY_3,바쁜,206,6300000,6400000,58.0,42.0,1.6,22.2,23.4,19.5,21.1,12.2,79.8,20.2,20260825 2020
2026-08-25T20:38:44.554883+09:00,홍대 관광특구,홍대 관광특구,POI007,KEY_4,바쁜,270,9100000,9200000,41.2,58.8,3.4,28.7,25.7,33.0,6.9,2.2,78.2,21.8,20260825 2020
2026-08-25T20:38:44.554883+09:00,가락시장,가락시장,POI058,KEY_2,한산한,11,200000,250000,75.0,25.0,0.0,29.0,35.5,21.0,14.0,0.5,96.6,3.4,20260825 2020
2026-08-25T20:38:44.554883+09:00,가로수길,가로수길,POI059,KEY_3,바쁜,89,6400000,6500000,53.3,46.7,0.4,30.1,32.6,2.8,13.0,21.3,40.3,59.7,20260825 2020
2026-08-25T20:38:44.554883+09:00,광장(전통)시장,광장(전통)시장,POI060,KEY_4,한산한,21,450000,500000,51.3,48.7,0.0,4.3,13.2,37.6,8.3,36.5,100.0,0.0,20260825 2020
2026-08-25T20:38:44.554883+09:00,김포공항,김포공항,POI061,KEY_1,한산한,5,20000,30000,71.4,28.6,0.0,19.0,81.0,0.0,0.0,0.0,75.0,25.0,20260825 2020
2026-08-25T20:38:44.554883+09:00,남대문시장,남대문시장,POI115,KEY_2,한산한,9,250000,300000,74.2,25.8,0.0,0.0,1.5,43.9,30.6,24.0,100.0,0.0,20260825 2020
2026-08-25T20:38:44.554883+09:00,노량진,노량진,POI063,KEY_3,분주한,62,1400000,1500000,37.6,62.4,0.0,15.1,35.1,5.0,27.5,17.4,91.1,8.9,20260825 2020
2026-08-25T20:38:44.554883+09:00,덕수궁길·정동길,덕수궁길·정동길,POI064,KEY_4,바쁜,12,600000,650000,96.1,3.9,0.0,0.0,18.1,9.2,29.6,43.1,94.3,5.7,20260825 2020
2026-08-25T20:38:44.554883+09:00,북창동 먹자골목,북창동 먹자골목,POI114,KEY_1,분주한,54,2600000,2700000,89.8,10.2,0.0,5.8,27.1,12.8,51.6,2.7,87.9,12.1,20260825 2020
2026-08-25T20:38:44.554883+09:00,북촌한옥마을,북촌한옥마을,POI066,KEY_2,보통,15,300000,350000,56.5,43.5,0.0,40.6,26.5,10.6,9.4,12.9,49.9,50.1,20260825 2020
2026-08-25T20:38:44.554883+09:00,서촌,서촌,POI067,KEY_3,바쁜,24,1400000,1500000,36.4,63.6,0.0,12.6,34.3,1.1,19.8,32.2,41.4,58.6,20260825 2020
2026-08-25T20:38:44.554883+09:00,성수카페거리,성수카페거리,POI068,KEY_4,보통,60,2200000,2300000,35.4,64.6,2.5,37.7,15.5,28.5,14.6,1.3,57.0,43.0,20260825 2020
2026-08-25T20:38:44.554883+09:00,송리단길·호수단길,송리단길·호수단길,POI121,KEY_1,바쁜,50,1900000,2000000,58.7,41.3,0.1,30.5,22.7,33.6,6.8,6.3,91.4,8.6,20260825 2020
2026-08-25T20:38:44.554883+09:00,신촌 스타광장,신촌 스타광장,POI122,KEY_2,한산한,15,90000,100000,41.4,58.6,0.0,51.5,25.3,5.1,18.2,0.0,100.0,0.0,20260825 2020
2026-08-25T20:38:44.554883+09:00,압구정로데오거리,압구정로데오거리,POI071,KEY_3,보통,54,4400000,4500000,21.2,78.8,0.0,8.4,3.3,27.2,24.6,36.5,53.0,47.0,20260825 2020
2026-08-25T20:38:44.554883+09:00,여의도,여의도,POI072,KEY_4,분주한,181,13000000,14000000,53.0,47.0,0.4,9.7,45.4,18.2,17.9,8.4,32.7,67.3,20260825 2020
2026-08-25T20:38:44.554883+09:00,연남동,연남동,POI073,KEY_1,바쁜,57,1400000,1500000,34.3,65.7,1.0,54.1,7.1,19.9,15.9,2.0,96.1,3.9,20260825 2020
2026-08-25T20:38:44.554883+09:00,영등포 타임스퀘어,영등포 타임스퀘어,POI074,KEY_2,바쁜,99,3700000,3800000,45.7,54.3,0.0,12.3,33.7,26.5,20.1,7.4,87.5,12.5,20260825 2020
2026-08-25T20:38:44.554883+09:00,용리단길,용리단길,POI076,KEY_3,분주한,33,2200000,2300000,37.7,62.3,0.0,30.1,50.1,10.2,9.6,0.0,93.8,6.2,20260825 2020
2026-08-25T20:38:44.554883+09:00,이태원 앤틱가구거리,이태원 앤틱가구거리,POI077,KEY_4,한산한,4,30000,40000,84.8,15.2,0.0,0.0,72.7,12.1,0.0,15.2,100.0,0.0,20260825 2000
2026-08-25T20:38:44.554883+09:00,익선동,익선동,POI116,KEY_1,바쁜,44,1300000,1400000,73.3,26.7,0.0,29.6,19.5,12.9,11.2,26.8,88.8,11.2,20260825 2020
2026-08-25T20:38:44.554883+09:00,인사동,인사동,POI078,KEY_2,바쁜,29,1600000,1700000,79.7,20.3,2.0,3.5,48.0,13.2,29.6,3.7,50.1,49.9,20260825 2020
2026-08-25T20:38:44.554883+09:00,잠실롯데타워·석촌호수,잠실롯데타워·석촌호수,POI120,KEY_3,분주한,174,5800000,5900000,62.4,37.6,0.7,29.9,35.9,18.4,7.0,8.2,73.8,26.2,20260825 2020
2026-08-25T20:38:44.554883+09:00,창동 신경제 중심지,창동 신경제 중심지,POI079,KEY_4,바쁜,167,5000000,5100000,46.2,53.8,0.5,18.8,30.5,9.7,15.7,24.8,90.0,10.0,20260825 2020
2026-08-25T20:38:44.554883+09:00,청담동 명품거리,청담동 명품거리,POI080,KEY_1,보통,8,1100000,1200000,0.0,100.0,0.0,0.7,1.5,0.5,50.5,46.8,62.3,37.7,20260825 2020
2026-08-25T20:38:44.554883+09:00,청량리 제기동 일대 전통시장,청량리 제기동 일대 전통시장,POI081,KEY_2,한산한,12,250000,300000,96.2,3.8,0.0,7.5,5.7,12.3,0.0,74.5,41.5,58.5,20260825 2020
2026-08-25T20:38:44.554883+09:00,해방촌·경리단길,해방촌·경리단길,POI082,KEY_3,한산한,10,80000,90000,85.0,15.0,0.0,23.8,16.3,16.3,43.8,0.0,100.0,0.0,20260825 2020
2026-08-25T20:38:44.554883+09:00,DDP(동대문디자인플라자),DDP(동대문디자인플라자),POI083,KEY_4,한산한,4,10000,20000,5.6,94.4,0.0,11.1,27.8,0.0,61.1,0.0,100.0,0.0,20260825 2020
2026-08-25T20:38:44.554883+09:00,DMC(디지털미디어시티),DMC(디지털미디어시티),POI084,KEY_1,바쁜,61,2100000,2200000,70.2,29.8,0.0,44.6,13.5,1.4,15.4,25.1,38.1,61.9,20260825 2020
2026-08-25T20:38:44.554883+09:00,가산디지털단지역,가산디지털단지역,POI013,KEY_2,바쁜,59,1900000,2000000,55.8,44.2,0.0,5.5,29.7,38.7,16.9,9.1,72.8,27.2,20260825 2020
2026-08-25T20:38:44.554883+09:00,강남역,강남역,POI014,KEY_3,바쁜,303,12000000,13000000,67.7,32.3,0.4,26.0,20.0,11.6,12.3,29.7,89.6,10.4,20260825 2020
2026-08-25T20:38:44.554883+09:00,건대입구역,건대입구역,POI015,KEY_4,분주한,159,6200000,6300000,34.0,66.0,1.0,12.6,13.3,8.4,19.6,45.0,84.6,15.4,20260825 2020
2026-08-25T20:38:44.554883+09:00,고덕역,고덕역,POI016,KEY_1,한산한,20,300000,350000,58.6,41.4,0.0,3.7,2.0,45.1,15.2,34.1,90.1,9.9,20260825 2020
2026-08-25T20:38:44.554883+09:00,고속터미널역,고속터미널역,POI017,KEY_2,보통,51,850000,900000,38.2,61.8,5.4,11.4,23.9,18.9,22.9,17.5,98.3,1.7,20260825 2020
2026-08-25T20:38:44.554883+09:00,교대역,교대역,POI018,KEY_3,분주한,64,5600000,5700000,86.1,13.9,0.0,1.6,14.6,23.5,22.4,38.0,42.3,57.7,20260825 2020
2026-08-25T20:38:44.554883+09:00,구로디지털단지역,구로디지털단지역,POI019,KEY_4,분주한,84,3200000,3300000,68.9,31.1,0.0,6.7,34.8,20.7,23.3,14.5,88.7,11.3,20260825 2020
2026-08-25T20:38:44.554883+09:00,구로역,구로역,POI020,KEY_1,한산한,6,70000,80000,40.8,59.2,0.0,0.0,18.3,5.6,76.1,0.0,100.0,0.0,20260825 2020
2026-08-25T20:38:44.554883+09:00,군자역,군자역,POI021,KEY_2,바쁜,37,750000,800000,49.3,50.7,0.0,24.4,26.2,26.4,7.0,16.0,100.0,0.0,20260825 2020
2026-08-25T20:38:44.554883+09:00,대림역,대림역,POI023,KEY_3,보통,29,450000,500000,57.7,42.3,0.0,2.1,19.9,15.8,21.8,40.5,100.0,0.0,20260825 2020
2026-08-25T20:38:44.554883+09:00,동대문역,동대문역,POI024,KEY_4,한산한,5,20000,30000,14.3,85.7,0.0,28.6,0.0,14.3,0.0,57.1,100.0,0.0,20260825 2020
2026-08-25T20:38:44.554883+09:00,뚝섬역,뚝섬역,POI025,KEY_1,바쁜,52,1200000,1300000,49.4,50.6,0.0,44.0,29.3,15.5,5.9,5.3,59.7,40.3,20260825 2020
2026-08-25T20:38:44.554883+09:00,미아사거리역,미아사거리역,POI026,KEY_2,보통,49,900000,950000,49.3,50.7,0.0,18.9,12.0,41.0,25.7,2.4,93.6,6.4,20260825 2020
2026-08-25T20:38:44.554883+09:00,발산역,발산역,POI027,KEY_3,분주한,114,6500000,6600000,51.4,48.6,0.4,6.8,16.3,37.0,11.8,27.8,36.8,63.2,20260825 2020
2026-08-25T20:38:44.554883+09:00,사당역,사당역,POI029,KEY_4,분주한,100,4400000,4500000,55.8,44.2,0.0,27.3,25.4,15.8,14.0,17.5,66.4,33.6,20260825 2020
2026-08-25T20:38:44.554883+09:00,서울대입구역,서울대입구역,POI031,KEY_2,바쁜,84,1600000,1700000,49.8,50.2,0.0,40.6,28.5,2.0,17.8,11.1,97.1,2.9,20260825 2020
2026-08-25T20:38:44.554883+09:00,서울식물원·마곡나루역,서울식물원·마곡나루역,POI032,KEY_3,분주한,50,3100000,3200000,68.0,32.0,0.0,25.2,24.6,20.5,29.6,0.0,44.4,55.6,20260825 2020
2026-08-25T20:38:44.554883+09:00,서울역,서울역,POI033,KEY_4,한산한,28,900000,950000,29.0,71.0,0.0,17.1,11.1,26.1,29.2,16.5,57.1,42.9,20260825 2020
2026-08-25T20:38:44.554883+09:00,선릉역,선릉역,POI034,KEY_1,분주한,116,6000000,6100000,74.3,25.7,0.5,47.0,14.6,14.2,9.5,14.2,61.3,38.7,20260825 2020
2026-08-25T20:38:44.554883+09:00,성신여대입구역,성신여대입구역,POI035,KEY_2,보통,53,900000,950000,51.9,48.1,0.0,28.2,25.8,17.9,21.0,7.1,85.5,14.5,20260825 2020
2026-08-25T20:38:44.554883+09:00,수유역,수유역,POI036,KEY_3,바쁜,99,1600000,1700000,50.2,49.8,0.0,29.1,18.1,18.1,20.7,13.9,88.5,11.5,20260825 2020
2026-08-25T20:38:44.554883+09:00,신논현역·논현역,신논현역·논현역,POI037,KEY_2,바쁜,62,3300000,3400000,72.0,28.0,1.0,12.8,39.0,32.8,9.4,5.1,61.8,38.2,20260825 2020
2026-08-25T20:38:44.554883+09:00,신도림역,신도림역,POI038,KEY_3,한산한,5,20000,30000,16.0,84.0,0.0,8.0,36.0,40.0,16.0,0.0,100.0,0.0,20260825 2020
2026-08-25T20:38:44.554883+09:00,신림역,신림역,POI039,KEY_4,바쁜,118,1800000,1900000,68.7,31.3,0.0,40.4,30.7,11.5,12.3,5.2,99.0,1.0,20260825 2020
2026-08-25T20:38:44.554883+09:00,신정네거리역,신정네거리역,POI117,KEY_1,분주한,33,850000,900000,72.6,27.4,1.8,0.0,31.6,30.7,3.9,31.9,83.8,16.2,20260825 2020
2026-08-25T20:38:44.554883+09:00,신촌·이대역,신촌·이대역,POI040,KEY_2,분주한,145,3900000,4000000,54.1,45.9,3.4,35.7,30.1,8.3,11.8,10.7,60.0,40.0,20260825 2020
2026-08-25T20:38:44.554883+09:00,쌍문역,쌍문역,POI070,KEY_3,바쁜,30,850000,900000,68.7,31.3,0.0,5.0,29.5,10.1,21.8,33.7,100.0,0.0,20260825 2020
2026-08-25T20:38:44.554883+09:00,양재역,양재역,POI041,KEY_4,보통,36,1200000,1300000,59.7,40.3,0.5,6.3,17.6,29.3,34.6,11.7,57.3,42.7,20260825 2020
2026-08-25T20:38:44.554883+09:00,역삼역,역삼역,POI042,KEY_1,바쁜,73,3600000,3700000,77.3,22.7,0.0,14.2,30.6,25.2,28.3,1.6,56.1,43.9,20260825 2020
2026-08-25T20:38:44.554883+09:00,연신내역,연신내역,POI043,KEY_2,바쁜,86,1900000,2000000,67.7,32.3,0.4,32.5,26.7,11.4,16.2,12.7,86.5,13.5,20260825 2020
2026-08-25T20:38:44.554883+09:00,오목교역·목동운동장,오목교역·목동운동장,POI044,KEY_3,보통,97,1500000,1600000,34.2,65.8,0.9,5.4,16.9,21.9,44.0,10.8,83.2,16.8,20260825 2020
2026-08-25T20:38:44.554883+09:00,왕십리역,왕십리역,POI045,KEY_4,바쁜,81,2200000,2300000,47.3,52.7,0.1,31.8,12.3,31.3,22.3,2.1,83.8,16.2,20260825 2020
2026-08-25T20:38:44.554883+09:00,용산역,용산역,POI046,KEY_1,보통,77,2000000,2100000,46.9,53.1,5.2,18.5,39.6,6.1,19.3,11.4,91.5,8.5,20260825 2020
2026-08-25T20:38:44.554883+09:00,이태원역,이태원역,POI047,KEY_2,한산한,5,150000,200000,48.3,51.7,0.0,61.5,38.5,0.0,0.0,0.0,100.0,0.0,20260825 2020
2026-08-25T20:38:44.554883+09:00,잠실새내역,잠실새내역,POI118,KEY_3,바쁜,63,2500000,2600000,52.2,47.8,0.0,7.1,33.5,21.5,15.9,22.1,81.9,18.1,20260825 2020
2026-08-25T20:38:44.554883+09:00,잠실역,잠실역,POI119,KEY_4,보통,79,950000,1000000,48.0,52.0,0.4,25.8,39.8,15.2,16.2,2.6,97.1,2.9,20260825 2020
2026-08-25T20:38:44.554883+09:00,장지역,장지역,POI048,KEY_1,보통,34,600000,650000,56.1,43.9,0.0,20.2,36.4,16.2,11.0,16.2,66.3,33.7,20260825 2020
2026-08-25T20:38:44.554883+09:00,장한평역,장한평역,POI049,KEY_2,분주한,25,650000,700000,72.2,27.8,0.0,6.7,12.8,20.9,11.7,47.9,98.6,1.4,20260825 2020
2026-08-25T20:38:44.554883+09:00,천호역,천호역,POI050,KEY_3,분주한,94,3100000,3200000,47.2,52.8,0.5,17.1,24.6,16.1,30.8,10.9,85.9,14.1,20260825 2020
2026-08-25T20:38:44.554883+09:00,총신대입구(이수)역,총신대입구(이수)역,POI051,KEY_4,보통,56,1500000,1600000,57.2,42.8,2.1,12.6,35.9,6.5,23.2,19.7,100.0,0.0,20260825 2020
2026-08-25T20:38:44.554883+09:00,충정로역,충정로역,POI052,KEY_1,한산한,7,50000,60000,87.7,12.3,0.0,8.8,17.5,24.6,49.1,0.0,100.0,0.0,20260825 2020
2026-08-25T20:38:44.554883+09:00,합정역,합정역,POI053,KEY_2,분주한,50,2400000,2500000,36.7,63.3,0.0,50.9,24.7,15.3,8.3,0.8,58.2,41.8,20260825 2020
2026-08-25T20:38:44.554883+09:00,혜화역,혜화역,POI054,KEY_3,바쁜,50,1900000,2000000,55.9,44.1,6.9,33.4,33.8,4.1,14.6,7.2,68.8,31.2,20260825 2020
2026-08-25T20:38:44.554883+09:00,홍대입구역(2호선),홍대입구역(2호선),POI055,KEY_4,바쁜,65,2100000,2200000,33.6,66.4,0.0,39.8,36.5,7.2,7.7,8.9,65.8,34.2,20260825 2020
2026-08-25T20:38:44.554883+09:00,회기역,회기역,POI056,KEY_1,분주한,44,850000,900000,50.1,49.9,1.3,38.5,22.9,7.3,4.9,25.1,86.3,13.7,20260825 2020
2026-08-25T22:06:41.130700+09:00,광화문·덕수궁,광화문·덕수궁,POI009,KEY_2,보통,54,1400000,1500000,60.8,39.2,1.6,2.9,41.3,18.3,24.5,11.5,97.1,2.9,20260825 2150
2026-08-25T22:06:41.130700+09:00,보신각,보신각,POI010,KEY_3,보통,35,1000000,1100000,49.4,50.6,1.9,28.7,25.9,18.4,23.7,1.3,75.8,24.2,20260825 2150
2026-08-25T22:06:41.130700+09:00,강남 MICE 관광특구,강남 MICE 관광특구,POI001,KEY_2,한산한,5,20000,30000,0.0,100.0,0.0,0.0,71.4,0.0,28.6,0.0,30.4,69.6,20260825 2150
2026-08-25T22:06:41.130700+09:00,동대문 관광특구,동대문 관광특구,POI002,KEY_3,보통,29,800000,850000,55.0,45.0,0.0,5.2,55.3,27.0,0.4,12.1,92.7,7.3,20260825 2150
2026-08-25T22:06:41.130700+09:00,명동 관광특구,명동 관광특구,POI003,KEY_4,보통,159,4600000,4700000,76.4,23.6,0.5,15.1,30.0,35.4,16.1,3.0,56.9,43.1,20260825 2150
2026-08-25T22:06:41.130700+09:00,이태원 관광특구,이태원 관광특구,POI004,KEY_1,바쁜,28,1200000,1300000,41.6,58.4,4.6,24.9,20.9,11.7,22.9,15.0,91.4,8.6,20260825 2150
2026-08-25T22:06:41.130700+09:00,잠실 관광특구,잠실 관광특구,POI005,KEY_2,보통,76,1700000,1800000,53.4,46.6,0.4,26.0,21.5,14.1,29.9,8.1,94.5,5.5,20260825 2150
2026-08-25T22:06:41.130700+09:00,종로·청계 관광특구,종로·청계 관광특구,POI006,KEY_3,보통,86,2900000,3000000,73.7,26.3,0.0,22.2,36.6,24.5,13.4,3.4,77.5,22.5,20260825 2150
2026-08-25T22:06:41.130700+09:00,홍대 관광특구,홍대 관광특구,POI007,KEY_4,보통,203,5000000,5100000,43.7,56.3,9.2,40.3,26.7,9.4,12.8,1.7,94.1,5.9,20260825 2150
2026-08-25T22:06:41.130700+09:00,가락시장,가락시장,POI058,KEY_2,한산한,8,150000,200000,100.0,0.0,0.0,0.0,14.3,53.6,32.1,0.0,18.0,82.0,20260825 2150
2026-08-25T22:06:41.130700+09:00,가로수길,가로수길,POI059,KEY_3,보통,43,4700000,4800000,67.7,32.3,0.1,5.3,40.7,38.8,14.4,0.6,59.8,40.2,20260825 2150
2026-08-25T22:06:41.130700+09:00,광장(전통)시장,광장(전통)시장,POI060,KEY_4,한산한,8,400000,450000,22.8,77.2,0.0,32.6,22.8,0.0,0.0,44.6,100.0,0.0,20260825 2130
2026-08-25T22:06:41.130700+09:00,김포공항,김포공항,POI061,KEY_1,한산한,9,70000,80000,17.7,82.3,0.0,16.5,32.9,44.3,6.3,0.0,100.0,0.0,20260825 2050
2026-08-25T22:06:41.130700+09:00,남대문시장,남대문시장,POI115,KEY_2,한산한,8,20000,30000,61.9,38.1,0.0,23.8,23.8,33.3,0.0,19.0,100.0,0.0,20260825 2150
2026-08-25T22:06:41.130700+09:00,노량진,노량진,POI063,KEY_3,바쁜,35,600000,650000,67.0,33.0,1.4,33.9,30.9,29.5,2.8,1.6,89.3,10.7,20260825 2150
2026-08-25T22:06:41.130700+09:00,덕수궁길·정동길,덕수궁길·정동길,POI064,KEY_4,한산한,9,90000,100000,46.5,53.5,0.0,17.2,6.1,67.7,0.0,9.1,100.0,0.0,20260825 2130
2026-08-25T22:06:41.130700+09:00,북창동 먹자골목,북창동 먹자골목,POI114,KEY_1,보통,18,800000,850000,68.2,31.8,0.0,31.8,7.8,58.4,1.4,0.7,35.1,64.9,20260825 2150
2026-08-25T22:06:41.130700+09:00,북촌한옥마을,북촌한옥마을,POI066,KEY_2,한산한,7,30000,40000,59.3,40.7,0.0,7.4,63.0,0.0,29.6,0.0,93.1,6.9,20260825 2150
2026-08-25T22:06:41.130700+09:00,서촌,서촌,POI067,KEY_3,보통,15,500000,550000,35.9,64.1,0.2,6.3,23.8,60.6,3.7,5.4,92.0,8.0,20260825 2150
2026-08-25T22:06:41.130700+09:00,성수카페거리,성수카페거리,POI068,KEY_4,보통,34,900000,950000,57.2,42.8,0.0,35.2,32.5,15.4,5.9,11.0,45.4,54.6,20260825 2150
2026-08-25T22:06:41.130700+09:00,송리단길·호수단길,송리단길·호수단길,POI121,KEY_1,한산한,17,350000,400000,79.5,20.5,0.0,14.4,34.6,9.1,41.9,0.0,80.3,19.7,20260825 2150
2026-08-25T22:06:41.130700+09:00,신촌 스타광장,신촌 스타광장,POI122,KEY_2,한산한,4,10000,20000,27.8,72.2,0.0,27.8,44.4,0.0,27.8,0.0,100.0,0.0,20260825 2150
2026-08-25T22:06:41.130700+09:00,압구정로데오거리,압구정로데오거리,POI071,KEY_3,바쁜,21,6600000,6700000,86.0,14.0,0.0,11.6,22.8,23.4,0.0,42.2,75.4,24.6,20260825 2150
2026-08-25T22:06:41.130700+09:00,여의도,여의도,POI072,KEY_4,바쁜,84,6100000,6200000,78.0,22.0,0.0,27.4,36.3,8.0,26.4,1.9,44.5,55.5,20260825 2150
2026-08-25T22:06:41.130700+09:00,연남동,연남동,POI073,KEY_1,바쁜,28,1400000,1500000,68.2,31.8,0.0,35.6,35.1,0.9,5.4,23.0,76.5,23.5,20260825 2150
2026-08-25T22:06:41.130700+09:00,영등포 타임스퀘어,영등포 타임스퀘어,POI074,KEY_2,보통,58,2200000,2300000,54.4,45.6,3.3,29.4,30.5,16.0,17.6,3.2,89.7,10.3,20260825 2150
2026-08-25T22:06:41.130700+09:00,용리단길,용리단길,POI076,KEY_3,바쁜,23,950000,1000000,79.6,20.4,0.0,47.5,33.5,15.3,3.7,0.0,90.1,9.9,20260825 2150
2026-08-25T22:06:41.130700+09:00,이태원 앤틱가구거리,이태원 앤틱가구거리,POI077,KEY_4,한산한,4,90000,100000,88.8,11.2,0.0,6.1,52.0,36.7,5.1,0.0,100.0,0.0,20260825 2130
2026-08-25T22:06:41.130700+09:00,익선동,익선동,POI116,KEY_1,바쁜,25,1900000,2000000,76.9,23.1,0.0,18.1,49.6,16.3,16.1,0.0,58.7,41.3,20260825 2150
2026-08-25T22:06:41.130700+09:00,인사동,인사동,POI078,KEY_2,보통,14,900000,950000,38.5,61.5,0.0,0.4,59.6,38.9,1.1,0.0,58.2,41.8,20260825 2150
2026-08-25T22:06:41.130700+09:00,잠실롯데타워·석촌호수,잠실롯데타워·석촌호수,POI120,KEY_3,보통,68,1700000,1800000,52.2,47.8,0.4,25.0,21.2,14.4,30.8,8.2,94.4,5.6,20260825 2150
2026-08-25T22:06:41.130700+09:00,창동 신경제 중심지,창동 신경제 중심지,POI079,KEY_4,보통,91,2000000,2100000,73.3,26.7,0.3,23.9,14.3,14.8,33.2,13.5,95.7,4.3,20260825 2150
2026-08-25T22:06:41.130700+09:00,청담동 명품거리,청담동 명품거리,POI080,KEY_1,분주한,5,4200000,4300000,34.8,65.2,0.0,34.8,0.0,65.2,0.0,0.0,18.8,81.2,20260825 2150
2026-08-25T22:06:41.130700+09:00,청량리 제기동 일대 전통시장,청량리 제기동 일대 전통시장,POI081,KEY_2,한산한,5,40000,50000,40.0,60.0,0.0,0.0,0.0,60.0,40.0,0.0,100.0,0.0,20260825 2130
2026-08-25T22:06:41.130700+09:00,해방촌·경리단길,해방촌·경리단길,POI082,KEY_3,한산한,5,60000,70000,100.0,0.0,0.0,8.2,62.3,14.8,8.2,6.6,100.0,0.0,20260825 2140
2026-08-25T22:06:41.130700+09:00,DDP(동대문디자인플라자),DDP(동대문디자인플라자),POI083,KEY_4,한산한,4,40000,50000,80.5,19.5,0.0,0.0,0.0,80.5,0.0,19.5,100.0,0.0,20260825 2100
2026-08-25T22:06:41.130700+09:00,DMC(디지털미디어시티),DMC(디지털미디어시티),POI084,KEY_1,한산한,17,250000,300000,86.3,13.7,0.5,0.0,10.8,51.9,32.1,4.7,76.0,24.0,20260825 2150
2026-08-25T22:06:41.130700+09:00,가산디지털단지역,가산디지털단지역,POI013,KEY_2,보통,43,1100000,1200000,75.5,24.5,0.0,5.3,51.6,16.7,26.1,0.4,95.1,4.9,20260825 2150
2026-08-25T22:06:41.130700+09:00,강남역,강남역,POI014,KEY_3,보통,161,5700000,5800000,62.4,37.6,3.4,23.0,19.8,35.4,16.0,2.2,80.6,19.4,20260825 2150
2026-08-25T22:06:41.130700+09:00,건대입구역,건대입구역,POI015,KEY_4,보통,95,2400000,2500000,63.2,36.8,6.6,33.4,13.0,18.8,27.4,0.9,94.2,5.8,20260825 2150
2026-08-25T22:06:41.130700+09:00,고덕역,고덕역,POI016,KEY_1,한산한,4,40000,50000,100.0,0.0,73.3,0.0,0.0,20.0,0.0,6.7,100.0,0.0,20260825 2150
2026-08-25T22:06:41.130700+09:00,고속터미널역,고속터미널역,POI017,KEY_2,한산한,18,100000,150000,49.7,50.3,0.0,14.6,8.9,33.8,34.4,8.3,82.5,17.5,20260825 2150
2026-08-25T22:06:41.130700+09:00,교대역,교대역,POI018,KEY_3,한산한,28,550000,600000,74.6,25.4,0.0,24.2,31.0,8.1,35.8,0.8,82.3,17.7,20260825 2150
2026-08-25T22:06:41.130700+09:00,구로디지털단지역,구로디지털단지역,POI019,KEY_4,보통,50,1000000,1100000,75.6,24.4,0.0,14.6,44.7,14.4,9.5,16.8,76.6,23.4,20260825 2150
2026-08-25T22:06:41.130700+09:00,구로역,구로역,POI020,KEY_1,한산한,4,20000,30000,70.8,29.2,0.0,0.0,70.8,0.0,0.0,29.2,100.0,0.0,20260825 2150
2026-08-25T22:06:41.130700+09:00,군자역,군자역,POI021,KEY_2,한산한,18,250000,300000,28.1,71.9,0.0,8.8,35.4,45.6,7.7,2.6,96.5,3.5,20260825 2150
2026-08-25T22:06:41.130700+09:00,대림역,대림역,POI023,KEY_3,보통,15,350000,400000,66.4,33.6,0.0,35.6,36.6,5.1,13.2,9.4,100.0,0.0,20260825 2150
2026-08-25T22:06:41.130700+09:00,동대문역,동대문역,POI024,KEY_4,보통,10,150000,200000,76.0,24.0,0.0,71.0,13.7,0.0,10.9,4.4,100.0,0.0,20260825 2150
2026-08-25T22:06:41.130700+09:00,뚝섬역,뚝섬역,POI025,KEY_1,보통,15,400000,450000,73.5,26.5,0.0,18.5,25.9,45.3,6.2,4.1,100.0,0.0,20260825 2150
2026-08-25T22:06:41.130700+09:00,미아사거리역,미아사거리역,POI026,KEY_2,보통,16,650000,700000,72.2,27.8,0.0,18.2,31.6,18.5,16.3,15.3,100.0,0.0,20260825 2150
2026-08-25T22:06:41.130700+09:00,발산역,발산역,POI027,KEY_3,보통,65,2300000,2400000,66.4,33.6,2.3,36.6,28.0,10.4,15.1,7.5,60.1,39.9,20260825 2150
2026-08-25T22:06:41.130700+09:00,사당역,사당역,POI029,KEY_4,보통,41,1200000,1300000,71.3,28.7,0.2,25.1,37.4,27.4,9.7,0.2,96.5,3.5,20260825 2150
2026-08-25T22:06:41.130700+09:00,서울대입구역,서울대입구역,POI031,KEY_2,보통,37,750000,800000,54.5,45.5,0.8,40.4,29.5,10.8,17.6,0.9,98.3,1.7,20260825 2150
2026-08-25T22:06:41.130700+09:00,서울식물원·마곡나루역,서울식물원·마곡나루역,POI032,KEY_3,분주한,38,2000000,2100000,68.8,31.2,0.0,36.3,42.6,14.4,6.4,0.4,44.9,55.1,20260825 2150
2026-08-25T22:06:41.130700+09:00,서울역,서울역,POI033,KEY_4,한산한,21,1100000,1200000,75.9,24.1,0.0,13.2,65.2,7.8,6.9,6.9,29.7,70.3,20260825 2150
2026-08-25T22:06:41.130700+09:00,선릉역,선릉역,POI034,KEY_1,보통,41,2300000,2400000,67.7,32.3,0.0,14.4,20.9,50.0,8.6,6.1,46.4,53.6,20260825 2150
2026-08-25T22:06:41.130700+09:00,성신여대입구역,성신여대입구역,POI035,KEY_2,보통,40,950000,1000000,35.5,64.5,0.1,7.4,22.3,53.9,15.2,1.0,100.0,0.0,20260825 2150
2026-08-25T22:06:41.130700+09:00,수유역,수유역,POI036,KEY_3,보통,64,750000,800000,73.2,26.8,0.0,21.4,20.7,20.8,24.6,12.6,100.0,0.0,20260825 2150
2026-08-25T22:06:41.130700+09:00,신논현역·논현역,신논현역·논현역,POI037,KEY_2,보통,37,1400000,1500000,39.8,60.2,0.0,39.7,33.5,13.2,12.3,1.4,46.1,53.9,20260825 2150
2026-08-25T22:06:41.130700+09:00,신도림역,신도림역,POI038,KEY_3,한산한,7,10000,20000,76.9,23.1,0.0,15.4,0.0,0.0,84.6,0.0,100.0,0.0,20260825 2130
2026-08-25T22:06:41.130700+09:00,신림역,신림역,POI039,KEY_4,보통,81,1200000,1300000,76.5,23.5,5.9,21.6,35.6,16.3,9.5,11.1,100.0,0.0,20260825 2150
2026-08-25T22:06:41.130700+09:00,신정네거리역,신정네거리역,POI117,KEY_1,한산한,9,250000,300000,42.7,57.3,0.0,0.4,23.1,64.3,7.5,4.7,100.0,0.0,20260825 2150
2026-08-25T22:06:41.130700+09:00,신촌·이대역,신촌·이대역,POI040,KEY_2,바쁜,67,3200000,3300000,36.6,63.4,1.5,17.2,56.9,1.6,22.6,0.2,99.8,0.2,20260825 2150
2026-08-25T22:06:41.130700+09:00,쌍문역,쌍문역,POI070,KEY_3,보통,20,400000,450000,50.2,49.8,0.0,1.8,34.5,35.8,17.6,10.3,100.0,0.0,20260825 2150
2026-08-25T22:06:41.130700+09:00,양재역,양재역,POI041,KEY_4,보통,27,1000000,1100000,43.4,56.6,0.8,36.0,12.2,21.9,20.7,8.4,73.7,26.3,20260825 2150
2026-08-25T22:06:41.130700+09:00,역삼역,역삼역,POI042,KEY_1,바쁜,32,1900000,2000000,40.2,59.8,0.0,13.8,61.2,21.2,3.8,0.0,25.4,74.6,20260825 2150
2026-08-25T22:06:41.130700+09:00,연신내역,연신내역,POI043,KEY_2,보통,45,650000,700000,78.0,22.0,0.0,29.0,20.3,12.2,27.6,10.9,95.1,4.9,20260825 2150
2026-08-25T22:06:41.130700+09:00,오목교역·목동운동장,오목교역·목동운동장,POI044,KEY_3,보통,66,1300000,1400000,58.1,41.9,0.3,2.8,13.1,48.3,17.9,17.6,90.4,9.6,20260825 2150
2026-08-25T22:06:41.130700+09:00,왕십리역,왕십리역,POI045,KEY_4,보통,49,1200000,1300000,45.3,54.7,7.7,31.3,24.5,15.1,15.3,6.2,96.2,3.8,20260825 2150
2026-08-25T22:06:41.130700+09:00,용산역,용산역,POI046,KEY_1,보통,32,1000000,1100000,69.2,30.8,0.0,4.2,12.9,60.3,9.9,12.7,100.0,0.0,20260825 2150
2026-08-25T22:06:41.130700+09:00,이태원역,이태원역,POI047,KEY_2,보통,11,250000,300000,57.1,42.9,17.7,42.2,2.4,29.6,0.0,8.2,100.0,0.0,20260825 2150
2026-08-25T22:06:41.130700+09:00,잠실새내역,잠실새내역,POI118,KEY_3,보통,51,950000,1000000,64.9,35.1,0.0,30.0,18.0,25.0,20.8,6.1,74.3,25.7,20260825 2150
2026-08-25T22:06:41.130700+09:00,잠실역,잠실역,POI119,KEY_4,한산한,27,200000,250000,35.9,64.1,3.1,20.5,41.0,10.8,11.8,12.8,89.0,11.0,20260825 2150
2026-08-25T22:06:41.130700+09:00,장지역,장지역,POI048,KEY_1,보통,23,450000,500000,26.2,73.8,0.0,0.0,6.4,10.4,4.5,78.7,97.7,2.3,20260825 2150
2026-08-25T22:06:41.130700+09:00,장한평역,장한평역,POI049,KEY_2,분주한,14,750000,800000,86.7,13.3,0.0,0.0,11.9,11.1,69.1,7.9,73.2,26.8,20260825 2150
2026-08-25T22:06:41.130700+09:00,천호역,천호역,POI050,KEY_3,보통,25,500000,550000,69.7,30.3,0.0,13.2,53.0,4.2,19.6,10.0,100.0,0.0,20260825 2150
2026-08-25T22:06:41.130700+09:00,총신대입구(이수)역,총신대입구(이수)역,POI051,KEY_4,보통,35,1000000,1100000,58.5,41.5,0.4,10.4,17.7,11.7,37.3,22.5,86.1,13.9,20260825 2150
2026-08-25T22:06:41.130700+09:00,충정로역,충정로역,POI052,KEY_1,보통,4,70000,80000,75.7,24.3,0.0,0.0,5.7,0.0,24.3,70.0,100.0,0.0,20260825 2150
2026-08-25T22:06:41.130700+09:00,합정역,합정역,POI053,KEY_2,바쁜,37,1000000,1100000,63.9,36.1,0.0,41.5,32.3,14.0,8.8,3.3,87.6,12.4,20260825 2150
2026-08-25T22:06:41.130700+09:00,혜화역,혜화역,POI054,KEY_3,한산한,34,900000,950000,40.4,59.6,0.0,36.2,9.6,23.9,18.4,11.9,99.2,0.8,20260825 2150
2026-08-25T22:06:41.130700+09:00,홍대입구역(2호선),홍대입구역(2호선),POI055,KEY_4,보통,47,850000,900000,38.1,61.9,28.9,27.6,16.0,4.8,22.3,0.5,100.0,0.0,20260825 2150
2026-08-25T22:06:41.130700+09:00,회기역,회기역,POI056,KEY_1,보통,39,400000,450000,73.5,26.5,0.7,29.0,38.7,3.6,25.8,2.3,98.7,1.3,20260825 2150
2026-08-25T23:01:45.936233+09:00,광화문·덕수궁,광화문·덕수궁,POI009,KEY_2,한산한,15,100000,150000,56.6,43.4,5.1,2.0,15.2,45.5,29.3,3.0,100.0,0.0,20260825 2240
2026-08-25T23:01:45.936233+09:00,보신각,보신각,POI010,KEY_3,한산한,10,400000,450000,78.0,22.0,0.0,28.7,40.0,31.3,0.0,0.0,77.5,22.5,20260825 2240
2026-08-25T23:01:45.936233+09:00,강남 MICE 관광특구,강남 MICE 관광특구,POI001,KEY_2,한산한,4,10000,20000,70.0,30.0,0.0,30.0,10.0,60.0,0.0,0.0,100.0,0.0,20260825 2240
2026-08-25T23:01:45.936233+09:00,동대문 관광특구,동대문 관광특구,POI002,KEY_3,보통,27,800000,850000,84.6,15.4,0.0,0.1,68.8,26.0,3.8,1.3,100.0,0.0,20260825 2240
2026-08-25T23:01:45.936233+09:00,명동 관광특구,명동 관광특구,POI003,KEY_4,한산한,33,800000,850000,54.0,46.0,0.0,11.0,32.5,12.0,21.9,22.6,65.6,34.4,20260825 2240
2026-08-25T23:01:45.936233+09:00,이태원 관광특구,이태원 관광특구,POI004,KEY_1,한산한,14,200000,250000,73.8,26.2,0.0,11.4,73.8,0.0,1.3,13.5,97.0,3.0,20260825 2240
2026-08-25T23:01:45.936233+09:00,잠실 관광특구,잠실 관광특구,POI005,KEY_2,보통,48,2300000,2400000,63.0,37.0,10.0,8.5,40.0,22.2,12.6,6.8,96.1,3.9,20260825 2240
2026-08-25T23:01:45.936233+09:00,종로·청계 관광특구,종로·청계 관광특구,POI006,KEY_3,보통,54,1700000,1800000,61.9,38.1,0.0,27.0,21.7,22.7,15.2,13.4,93.0,7.0,20260825 2240
2026-08-25T23:01:45.936233+09:00,홍대 관광특구,홍대 관광특구,POI007,KEY_4,보통,141,3500000,3600000,53.1,46.9,7.4,44.7,27.6,3.3,14.8,2.2,96.4,3.6,20260825 2240
2026-08-25T23:01:45.936233+09:00,가락시장,가락시장,POI058,KEY_2,바쁜,20,850000,900000,46.0,54.0,0.6,0.0,9.1,36.9,14.0,39.4,73.9,26.1,20260825 2240
2026-08-25T23:01:45.936233+09:00,가로수길,가로수길,POI059,KEY_3,보통,38,2700000,2800000,77.1,22.9,0.0,16.6,42.6,38.8,2.0,0.0,44.1,55.9,20260825 2240
2026-08-25T23:01:45.936233+09:00,광장(전통)시장,광장(전통)시장,POI060,KEY_4,한산한,5,30000,40000,60.0,40.0,0.0,14.3,62.9,0.0,0.0,22.9,100.0,0.0,20260825 2230
2026-08-25T23:01:45.936233+09:00,김포공항,김포공항,POI061,KEY_1,한산한,4,10000,20000,25.0,75.0,0.0,5.0,35.0,45.0,15.0,0.0,74.1,25.9,20260825 2220
2026-08-25T23:01:45.936233+09:00,남대문시장,남대문시장,POI115,KEY_2,한산한,5,20000,30000,48.0,52.0,0.0,0.0,20.0,80.0,0.0,0.0,100.0,0.0,20260825 2200
2026-08-25T23:01:45.936233+09:00,노량진,노량진,POI063,KEY_3,바쁜,32,600000,650000,82.8,17.2,2.7,35.8,31.8,9.4,17.4,2.9,100.0,0.0,20260825 2240
2026-08-25T23:01:45.936233+09:00,덕수궁길·정동길,덕수궁길·정동길,POI064,KEY_4,한산한,4,10000,20000,28.6,71.4,0.0,0.0,100.0,0.0,0.0,0.0,100.0,0.0,20260825 2230
2026-08-25T23:01:45.936233+09:00,북창동 먹자골목,북창동 먹자골목,POI114,KEY_1,한산한,5,10000,20000,68.4,31.6,0.0,42.1,0.0,0.0,47.4,10.5,100.0,0.0,20260825 2230
2026-08-25T23:01:45.936233+09:00,북촌한옥마을,북촌한옥마을,POI066,KEY_2,한산한,6,50000,60000,70.0,30.0,0.0,0.0,50.0,0.0,20.0,30.0,100.0,0.0,20260825 2240
2026-08-25T23:01:45.936233+09:00,서촌,서촌,POI067,KEY_3,보통,5,300000,350000,66.7,33.3,0.0,0.0,47.2,34.0,18.9,0.0,51.6,48.4,20260825 2240
2026-08-25T23:01:45.936233+09:00,성수카페거리,성수카페거리,POI068,KEY_4,한산한,9,350000,400000,25.1,74.9,0.0,13.3,61.1,25.6,0.0,0.0,57.7,42.3,20260825 2240
2026-08-25T23:01:45.936233+09:00,송리단길·호수단길,송리단길·호수단길,POI121,KEY_1,한산한,15,250000,300000,34.3,65.7,0.0,39.8,4.7,47.2,8.3,0.0,100.0,0.0,20260825 2240
2026-08-25T23:01:45.936233+09:00,신촌 스타광장,신촌 스타광장,POI122,KEY_2,한산한,24,150000,200000,49.2,50.8,0.0,29.7,57.8,12.4,0.0,0.0,100.0,0.0,20260825 2220
2026-08-25T23:01:45.936233+09:00,압구정로데오거리,압구정로데오거리,POI071,KEY_3,한산한,10,60000,70000,77.8,22.2,0.0,39.7,38.1,6.3,0.0,15.9,100.0,0.0,20260825 2240
2026-08-25T23:01:45.936233+09:00,여의도,여의도,POI072,KEY_4,보통,69,2000000,2100000,87.3,12.7,2.0,19.6,33.3,24.0,20.6,0.5,69.4,30.6,20260825 2240
2026-08-25T23:01:45.936233+09:00,연남동,연남동,POI073,KEY_1,한산한,9,30000,40000,43.2,56.8,0.0,29.7,18.9,51.4,0.0,0.0,100.0,0.0,20260825 2240
2026-08-25T23:01:45.936233+09:00,영등포 타임스퀘어,영등포 타임스퀘어,POI074,KEY_2,보통,40,1500000,1600000,69.4,30.6,0.0,40.9,32.3,10.5,6.9,9.3,87.8,12.2,20260825 2240
2026-08-25T23:01:45.936233+09:00,용리단길,용리단길,POI076,KEY_3,한산한,12,400000,450000,71.3,28.7,0.0,37.5,31.6,30.9,0.0,0.0,70.3,29.7,20260825 2240
2026-08-25T23:01:45.936233+09:00,이태원 앤틱가구거리,이태원 앤틱가구거리,POI077,KEY_4,한산한,8,60000,70000,76.7,23.3,0.0,31.7,31.7,0.0,0.0,36.7,89.4,10.6,20260825 2240
2026-08-25T23:01:45.936233+09:00,익선동,익선동,POI116,KEY_1,보통,26,850000,900000,53.7,46.3,0.0,40.4,27.3,6.1,12.9,13.3,100.0,0.0,20260825 2240
2026-08-25T23:01:45.936233+09:00,인사동,인사동,POI078,KEY_2,한산한,4,40000,50000,46.3,53.7,0.0,0.0,46.3,53.7,0.0,0.0,100.0,0.0,20260825 2240
2026-08-25T23:01:45.936233+09:00,잠실롯데타워·석촌호수,잠실롯데타워·석촌호수,POI120,KEY_3,보통,48,2300000,2400000,63.0,37.0,10.0,8.5,40.0,22.2,12.6,6.8,96.1,3.9,20260825 2240
2026-08-25T23:01:45.936233+09:00,창동 신경제 중심지,창동 신경제 중심지,POI079,KEY_4,보통,59,1800000,1900000,47.0,53.0,0.7,30.4,18.7,16.3,21.4,12.3,95.1,4.9,20260825 2240
2026-08-25T23:01:45.936233+09:00,청담동 명품거리,청담동 명품거리,POI080,KEY_1,한산한,4,20000,30000,65.2,34.8,0.0,34.8,21.7,0.0,0.0,43.5,100.0,0.0,20260825 2240
2026-08-25T23:01:45.936233+09:00,청량리 제기동 일대 전통시장,청량리 제기동 일대 전통시장,POI081,KEY_2,한산한,6,60000,70000,47.7,52.3,0.0,1.5,23.1,47.7,0.0,27.7,100.0,0.0,20260825 2210
2026-08-25T23:01:45.936233+09:00,해방촌·경리단길,해방촌·경리단길,POI082,KEY_3,한산한,10,50000,60000,74.6,25.4,0.0,71.2,10.2,11.9,6.8,0.0,100.0,0.0,20260825 2240
2026-08-25T23:01:45.936233+09:00,DDP(동대문디자인플라자),DDP(동대문디자인플라자),POI083,KEY_4,한산한,4,10000,20000,100.0,0.0,0.0,0.0,22.2,0.0,77.8,0.0,100.0,0.0,20260825 2210
2026-08-25T23:01:45.936233+09:00,DMC(디지털미디어시티),DMC(디지털미디어시티),POI084,KEY_1,한산한,22,200000,250000,68.8,31.3,0.0,39.2,26.1,15.3,5.7,13.6,75.2,24.8,20260825 2230
2026-08-25T23:01:45.936233+09:00,가산디지털단지역,가산디지털단지역,POI013,KEY_2,한산한,19,150000,200000,80.9,19.1,0.0,5.3,57.9,28.3,5.3,3.3,100.0,0.0,20260825 2240
2026-08-25T23:01:45.936233+09:00,강남역,강남역,POI014,KEY_3,보통,144,4400000,4500000,78.9,21.1,1.7,44.3,33.0,5.2,15.7,0.0,91.3,8.7,20260825 2240
2026-08-25T23:01:45.936233+09:00,건대입구역,건대입구역,POI015,KEY_4,보통,70,2100000,2200000,54.1,45.9,4.3,43.8,16.8,1.4,29.6,4.1,73.8,26.2,20260825 2240
2026-08-25T23:01:45.936233+09:00,고덕역,고덕역,POI016,KEY_1,한산한,7,20000,30000,80.0,20.0,10.0,50.0,10.0,10.0,20.0,0.0,100.0,0.0,20260825 2220
2026-08-25T23:01:45.936233+09:00,고속터미널역,고속터미널역,POI017,KEY_2,한산한,6,20000,30000,50.0,50.0,0.0,5.0,65.0,30.0,0.0,0.0,100.0,0.0,20260825 2240
2026-08-25T23:01:45.936233+09:00,교대역,교대역,POI018,KEY_3,한산한,23,400000,450000,87.7,12.3,0.0,20.7,32.4,31.4,14.9,0.6,69.9,30.1,20260825 2240
2026-08-25T23:01:45.936233+09:00,구로디지털단지역,구로디지털단지역,POI019,KEY_4,보통,40,1000000,1100000,51.4,48.6,0.0,18.1,31.6,10.4,14.3,25.6,98.0,2.0,20260825 2240
2026-08-25T23:01:45.936233+09:00,구로역,구로역,POI020,KEY_1,한산한,4,20000,30000,66.2,33.8,0.0,0.0,58.5,26.2,6.2,9.2,100.0,0.0,20260825 2200
2026-08-25T23:01:45.936233+09:00,군자역,군자역,POI021,KEY_2,보통,15,550000,600000,51.2,48.8,0.0,0.5,55.2,16.4,7.0,20.9,64.0,36.0,20260825 2240
2026-08-25T23:01:45.936233+09:00,대림역,대림역,POI023,KEY_3,바쁜,16,500000,550000,92.1,7.9,0.0,0.0,21.3,64.3,14.4,0.0,100.0,0.0,20260825 2240
2026-08-25T23:01:45.936233+09:00,동대문역,동대문역,POI024,KEY_4,한산한,5,30000,40000,86.2,13.8,0.0,0.0,0.0,69.0,6.9,24.1,100.0,0.0,20260825 2240
2026-08-25T23:01:45.936233+09:00,뚝섬역,뚝섬역,POI025,KEY_1,한산한,9,80000,90000,34.3,65.7,0.0,28.6,24.8,15.2,16.2,15.2,100.0,0.0,20260825 2240
2026-08-25T23:01:45.936233+09:00,미아사거리역,미아사거리역,POI026,KEY_2,한산한,14,300000,350000,50.0,50.0,33.3,0.0,16.7,0.0,50.0,0.0,50.0,50.0,20260825 2240
2026-08-25T23:01:45.936233+09:00,발산역,발산역,POI027,KEY_3,보통,34,1100000,1200000,59.1,40.9,11.9,19.1,34.5,11.9,19.9,2.8,46.5,53.5,20260825 2240
2026-08-25T23:01:45.936233+09:00,사당역,사당역,POI029,KEY_4,바쁜,49,1500000,1600000,47.0,53.0,0.0,25.8,48.2,23.0,1.0,2.1,69.8,30.2,20260825 2240
2026-08-25T23:01:45.936233+09:00,서울대입구역,서울대입구역,POI031,KEY_2,한산한,26,350000,400000,61.5,38.5,0.8,22.1,49.2,25.8,2.1,0.0,100.0,0.0,20260825 2250
2026-08-25T23:01:45.936233+09:00,서울식물원·마곡나루역,서울식물원·마곡나루역,POI032,KEY_3,한산한,20,300000,350000,37.7,62.3,0.0,13.7,79.3,5.0,2.0,0.0,95.5,4.5,20260825 2250
2026-08-25T23:01:45.936233+09:00,서울역,서울역,POI033,KEY_4,한산한,4,20000,30000,0.0,100.0,0.0,0.0,0.0,4.7,21.2,74.1,100.0,0.0,20260825 2220
2026-08-25T23:01:45.936233+09:00,선릉역,선릉역,POI034,KEY_1,한산한,22,400000,450000,87.8,12.2,1.7,24.8,53.0,13.5,4.8,2.2,52.8,47.2,20260825 2250
2026-08-25T23:01:45.936233+09:00,성신여대입구역,성신여대입구역,POI035,KEY_2,한산한,24,450000,500000,41.7,58.3,2.0,39.9,26.7,12.2,19.1,0.0,84.8,15.2,20260825 2250
2026-08-25T23:01:45.936233+09:00,수유역,수유역,POI036,KEY_3,보통,45,600000,650000,60.8,39.2,1.8,23.6,20.3,31.7,5.8,16.8,93.4,6.6,20260825 2250
2026-08-25T23:01:45.936233+09:00,신논현역·논현역,신논현역·논현역,POI037,KEY_2,보통,28,1100000,1200000,49.6,50.4,0.0,34.2,24.5,31.8,7.2,2.4,78.3,21.7,20260825 2250
2026-08-25T23:01:45.936233+09:00,신도림역,신도림역,POI038,KEY_3,한산한,4,10000,20000,61.1,38.9,0.0,50.0,38.9,0.0,0.0,11.1,100.0,0.0,20260825 2210
2026-08-25T23:01:45.936233+09:00,신림역,신림역,POI039,KEY_4,보통,57,1000000,1100000,51.5,48.5,0.0,42.6,47.4,3.5,6.3,0.2,100.0,0.0,20260825 2250
2026-08-25T23:01:45.936233+09:00,신정네거리역,신정네거리역,POI117,KEY_1,한산한,4,20000,30000,57.1,42.9,0.0,23.8,38.1,38.1,0.0,0.0,100.0,0.0,20260825 2250
2026-08-25T23:01:45.936233+09:00,신촌·이대역,신촌·이대역,POI040,KEY_2,보통,54,1100000,1200000,39.2,60.8,0.4,71.4,15.5,9.3,3.4,0.0,46.5,53.5,20260825 2250
2026-08-25T23:01:45.936233+09:00,쌍문역,쌍문역,POI070,KEY_3,한산한,11,200000,250000,76.3,23.7,1.4,15.2,2.8,0.0,64.9,15.6,100.0,0.0,20260825 2250
2026-08-25T23:01:45.936233+09:00,양재역,양재역,POI041,KEY_4,한산한,11,250000,300000,87.9,12.1,0.0,0.4,32.3,67.4,0.0,0.0,97.6,2.4,20260825 2250
2026-08-25T23:01:45.936233+09:00,역삼역,역삼역,POI042,KEY_1,보통,25,1100000,1200000,63.9,36.1,0.0,0.0,28.7,41.7,2.2,27.3,67.6,32.4,20260825 2250
2026-08-25T23:01:45.936233+09:00,연신내역,연신내역,POI043,KEY_2,보통,38,450000,500000,66.6,33.4,0.0,9.5,23.0,27.0,4.3,36.1,96.1,3.9,20260825 2250
2026-08-25T23:01:45.936233+09:00,오목교역·목동운동장,오목교역·목동운동장,POI044,KEY_3,한산한,23,400000,450000,81.8,18.2,1.4,32.1,26.4,27.9,9.3,2.9,69.2,30.8,20260825 2250
2026-08-25T23:01:45.936233+09:00,왕십리역,왕십리역,POI045,KEY_4,보통,40,800000,850000,51.3,48.7,0.7,20.8,56.5,4.6,3.6,13.8,88.5,11.5,20260825 2250
2026-08-25T23:01:45.936233+09:00,용산역,용산역,POI046,KEY_1,한산한,6,40000,50000,48.2,51.8,0.0,32.5,26.3,30.7,10.5,0.0,100.0,0.0,20260825 2250
2026-08-25T23:01:45.936233+09:00,이태원역,이태원역,POI047,KEY_2,바쁜,11,950000,1000000,40.8,59.2,11.0,6.9,79.1,3.0,0.0,0.0,61.6,38.4,20260825 2250
2026-08-25T23:01:45.936233+09:00,잠실새내역,잠실새내역,POI118,KEY_3,한산한,35,700000,750000,57.9,42.1,1.7,24.3,23.8,24.8,25.4,0.0,100.0,0.0,20260825 2250
2026-08-25T23:01:45.936233+09:00,잠실역,잠실역,POI119,KEY_4,한산한,10,30000,40000,53.1,46.9,3.1,62.5,6.3,21.9,6.3,0.0,100.0,0.0,20260825 2250
2026-08-25T23:01:45.936233+09:00,장지역,장지역,POI048,KEY_1,한산한,9,70000,80000,61.1,38.9,0.0,5.6,40.3,23.6,5.6,25.0,100.0,0.0,20260825 2250
2026-08-25T23:01:45.936233+09:00,장한평역,장한평역,POI049,KEY_2,한산한,5,20000,30000,90.9,9.1,0.0,0.0,22.7,68.2,9.1,0.0,100.0,0.0,20260825 2250
2026-08-25T23:01:45.936233+09:00,천호역,천호역,POI050,KEY_3,한산한,16,250000,300000,75.9,24.1,0.0,23.4,28.4,8.4,36.5,3.3,100.0,0.0,20260825 2250
2026-08-25T23:01:45.936233+09:00,총신대입구(이수)역,총신대입구(이수)역,POI051,KEY_4,한산한,14,200000,250000,32.5,67.5,0.0,15.0,19.9,9.3,0.0,55.7,100.0,0.0,20260825 2250
2026-08-25T23:01:45.936233+09:00,충정로역,충정로역,POI052,KEY_1,한산한,4,30000,40000,10.0,90.0,0.0,10.0,90.0,0.0,0.0,0.0,100.0,0.0,20260825 2230
2026-08-25T23:01:45.936233+09:00,합정역,합정역,POI053,KEY_2,보통,9,400000,450000,19.6,80.4,0.0,29.2,67.8,2.9,0.0,0.0,80.7,19.3,20260825 2250
2026-08-25T23:01:45.936233+09:00,혜화역,혜화역,POI054,KEY_3,한산한,37,750000,800000,48.4,51.6,0.0,30.1,32.0,8.3,0.0,29.6,71.5,28.5,20260825 2250
2026-08-25T23:01:45.936233+09:00,홍대입구역(2호선),홍대입구역(2호선),POI055,KEY_4,한산한,18,450000,500000,56.2,43.8,0.0,17.7,50.8,20.1,11.2,0.2,97.5,2.5,20260825 2250
2026-08-25T23:01:45.936233+09:00,회기역,회기역,POI056,KEY_1,한산한,16,150000,200000,53.8,46.2,0.0,39.1,24.9,0.0,36.1,0.0,90.9,9.1,20260825 2250
2026-08-25T23:57:50.622038+09:00,광화문·덕수궁,광화문·덕수궁,POI009,KEY_2,한산한,11,100000,150000,65.9,34.1,0.0,18.3,30.5,51.2,0.0,0.0,70.4,29.6,20260825 2340
2026-08-25T23:57:50.622038+09:00,보신각,보신각,POI010,KEY_3,보통,9,1300000,1400000,88.4,11.6,0.0,5.6,44.2,41.1,0.0,9.1,57.0,43.0,20260825 2330
2026-08-25T23:57:50.622038+09:00,강남 MICE 관광특구,강남 MICE 관광특구,POI001,KEY_2,한산한,7,30000,40000,100.0,0.0,0.0,33.3,0.0,0.0,25.0,41.7,31.6,68.4,20260825 2300
2026-08-25T23:57:50.622038+09:00,동대문 관광특구,동대문 관광특구,POI002,KEY_3,한산한,21,100000,150000,85.3,14.7,0.0,5.6,50.3,14.0,24.5,5.6,100.0,0.0,20260825 2340
2026-08-25T23:57:50.622038+09:00,명동 관광특구,명동 관광특구,POI003,KEY_4,한산한,19,350000,400000,27.8,72.2,0.0,55.2,22.9,10.3,8.1,3.6,60.5,39.5,20260825 2340
2026-08-25T23:57:50.622038+09:00,이태원 관광특구,이태원 관광특구,POI004,KEY_1,한산한,10,150000,200000,29.7,70.3,0.0,30.8,58.4,10.8,0.0,0.0,100.0,0.0,20260825 2340
2026-08-25T23:57:50.622038+09:00,잠실 관광특구,잠실 관광특구,POI005,KEY_2,보통,30,700000,750000,62.1,37.9,0.0,24.4,51.5,10.5,11.4,2.2,97.3,2.7,20260825 2340
2026-08-25T23:57:50.622038+09:00,종로·청계 관광특구,종로·청계 관광특구,POI006,KEY_3,한산한,26,550000,600000,74.2,25.8,0.0,9.8,36.3,51.7,1.9,0.3,100.0,0.0,20260825 2340
2026-08-25T23:57:50.622038+09:00,홍대 관광특구,홍대 관광특구,POI007,KEY_4,보통,112,2800000,2900000,56.4,43.6,5.4,46.1,34.1,13.0,1.0,0.4,93.7,6.3,20260825 2340
2026-08-25T23:57:50.622038+09:00,가락시장,가락시장,POI058,KEY_2,바쁜,11,800000,850000,12.4,87.6,0.0,0.0,1.5,81.1,0.7,16.7,49.1,50.9,20260825 2340
2026-08-25T23:57:50.622038+09:00,가로수길,가로수길,POI059,KEY_3,한산한,8,60000,70000,78.8,21.2,0.0,0.0,57.6,27.3,12.1,3.0,100.0,0.0,20260825 2340
2026-08-25T23:57:50.622038+09:00,광장(전통)시장,광장(전통)시장,POI060,KEY_4,한산한,5,30000,40000,100.0,0.0,0.0,33.3,66.7,0.0,0.0,0.0,100.0,0.0,20260825 2230
2026-08-25T23:57:50.622038+09:00,김포공항,김포공항,POI061,KEY_1,한산한,4,10000,20000,100.0,0.0,0.0,0.0,53.8,46.2,0.0,0.0,100.0,0.0,20260825 2220
2026-08-25T23:57:50.622038+09:00,남대문시장,남대문시장,POI115,KEY_2,한산한,6,30000,40000,40.0,60.0,0.0,0.0,100.0,0.0,0.0,0.0,100.0,0.0,20260825 2340
2026-08-25T23:57:50.622038+09:00,노량진,노량진,POI063,KEY_3,보통,15,200000,250000,81.2,18.8,10.1,12.4,57.8,10.1,9.6,0.0,100.0,0.0,20260825 2340
2026-08-25T23:57:50.622038+09:00,덕수궁길·정동길,덕수궁길·정동길,POI064,KEY_4,한산한,4,10000,20000,28.6,71.4,0.0,0.0,100.0,0.0,0.0,0.0,100.0,0.0,20260825 2230
2026-08-25T23:57:50.622038+09:00,북창동 먹자골목,북창동 먹자골목,POI114,KEY_1,보통,7,400000,450000,95.7,4.3,0.0,0.0,38.9,61.1,0.0,0.0,100.0,0.0,20260825 2320
2026-08-25T23:57:50.622038+09:00,북촌한옥마을,북촌한옥마을,POI066,KEY_2,한산한,5,10000,20000,50.0,50.0,0.0,0.0,14.3,35.7,50.0,0.0,100.0,0.0,20260825 2340
2026-08-25T23:57:50.622038+09:00,서촌,서촌,POI067,KEY_3,한산한,5,20000,30000,100.0,0.0,0.0,0.0,20.0,30.0,50.0,0.0,84.0,16.0,20260825 2320
2026-08-25T23:57:50.622038+09:00,성수카페거리,성수카페거리,POI068,KEY_4,한산한,7,50000,60000,53.8,46.2,30.8,15.4,23.1,7.7,23.1,0.0,53.1,46.9,20260825 2340
2026-08-25T23:57:50.622038+09:00,송리단길·호수단길,송리단길·호수단길,POI121,KEY_1,한산한,13,80000,90000,65.2,34.8,0.0,34.8,7.6,4.5,31.8,21.2,76.7,23.3,20260825 2340
2026-08-25T23:57:50.622038+09:00,신촌 스타광장,신촌 스타광장,POI122,KEY_2,한산한,4,20000,30000,69.4,30.6,0.0,61.1,27.8,11.1,0.0,0.0,100.0,0.0,20260825 2320
2026-08-25T23:57:50.622038+09:00,압구정로데오거리,압구정로데오거리,POI071,KEY_3,한산한,18,1400000,1500000,75.8,24.2,0.0,21.6,10.9,54.4,2.5,10.6,84.2,15.8,20260825 2340
2026-08-25T23:57:50.622038+09:00,여의도,여의도,POI072,KEY_4,보통,25,3700000,3800000,87.3,12.7,0.0,3.0,75.0,19.7,2.2,0.0,18.0,82.0,20260825 2340
2026-08-25T23:57:50.622038+09:00,연남동,연남동,POI073,KEY_1,보통,12,350000,400000,55.6,44.4,0.0,35.5,34.2,13.6,14.9,1.8,100.0,0.0,20260825 2340
2026-08-25T23:57:50.622038+09:00,영등포 타임스퀘어,영등포 타임스퀘어,POI074,KEY_2,한산한,24,250000,300000,48.3,51.7,0.0,37.9,30.9,9.7,21.6,0.0,100.0,0.0,20260825 2340
2026-08-25T23:57:50.622038+09:00,용리단길,용리단길,POI076,KEY_3,한산한,5,300000,350000,56.4,43.6,0.0,43.6,56.4,0.0,0.0,0.0,100.0,0.0,20260825 2340
2026-08-25T23:57:50.622038+09:00,이태원 앤틱가구거리,이태원 앤틱가구거리,POI077,KEY_4,한산한,5,30000,40000,0.0,100.0,0.0,0.0,0.0,7.1,92.9,0.0,73.7,26.3,20260825 2320
2026-08-25T23:57:50.622038+09:00,익선동,익선동,POI116,KEY_1,보통,17,750000,800000,50.1,49.9,28.9,17.4,20.5,15.8,17.2,0.3,100.0,0.0,20260825 2340
2026-08-25T23:57:50.622038+09:00,인사동,인사동,POI078,KEY_2,한산한,5,40000,50000,85.1,14.9,0.0,19.1,80.9,0.0,0.0,0.0,100.0,0.0,20260825 2330
2026-08-25T23:57:50.622038+09:00,잠실롯데타워·석촌호수,잠실롯데타워·석촌호수,POI120,KEY_3,보통,28,650000,700000,61.3,38.7,0.0,24.9,52.6,10.7,9.5,2.3,100.0,0.0,20260825 2340
2026-08-25T23:57:50.622038+09:00,창동 신경제 중심지,창동 신경제 중심지,POI079,KEY_4,한산한,38,350000,400000,75.0,25.0,0.8,11.2,45.2,32.1,10.7,0.0,100.0,0.0,20260825 2340
2026-08-25T23:57:50.622038+09:00,청담동 명품거리,청담동 명품거리,POI080,KEY_1,한산한,7,20000,30000,36.4,63.6,0.0,40.9,27.3,0.0,27.3,4.5,100.0,0.0,20260825 2250
2026-08-25T23:57:50.622038+09:00,청량리 제기동 일대 전통시장,청량리 제기동 일대 전통시장,POI081,KEY_2,한산한,9,80000,90000,82.3,17.7,0.0,0.0,8.9,48.1,3.8,39.2,100.0,0.0,20260825 2250
2026-08-25T23:57:50.622038+09:00,해방촌·경리단길,해방촌·경리단길,POI082,KEY_3,한산한,7,50000,60000,40.8,59.2,0.0,67.3,8.2,12.2,0.0,12.2,100.0,0.0,20260825 2340
2026-08-25T23:57:50.622038+09:00,DDP(동대문디자인플라자),DDP(동대문디자인플라자),POI083,KEY_4,한산한,4,10000,20000,100.0,0.0,0.0,0.0,22.2,0.0,77.8,0.0,100.0,0.0,20260825 2210
2026-08-25T23:57:50.622038+09:00,DMC(디지털미디어시티),DMC(디지털미디어시티),POI084,KEY_1,보통,9,450000,500000,80.1,19.9,0.0,17.7,72.3,9.7,0.2,0.0,97.2,2.8,20260825 2340
2026-08-25T23:57:50.622038+09:00,가산디지털단지역,가산디지털단지역,POI013,KEY_2,한산한,17,200000,250000,93.9,6.1,0.0,6.6,34.1,58.5,0.0,0.9,95.4,4.6,20260825 2340
2026-08-25T23:57:50.622038+09:00,강남역,강남역,POI014,KEY_3,보통,55,2100000,2200000,75.9,24.1,0.5,48.3,17.3,30.0,2.5,1.4,95.7,4.3,20260825 2340
2026-08-25T23:57:50.622038+09:00,건대입구역,건대입구역,POI015,KEY_4,한산한,29,700000,750000,60.2,39.8,0.8,40.0,16.0,4.3,13.5,25.4,100.0,0.0,20260825 2340
2026-08-25T23:57:50.622038+09:00,고덕역,고덕역,POI016,KEY_1,한산한,4,10000,20000,100.0,0.0,0.0,25.0,40.0,35.0,0.0,0.0,100.0,0.0,20260825 2250
2026-08-25T23:57:50.622038+09:00,고속터미널역,고속터미널역,POI017,KEY_2,한산한,10,50000,60000,63.3,36.7,0.0,40.0,3.3,40.0,16.7,0.0,60.8,39.2,20260825 2340
2026-08-25T23:57:50.622038+09:00,교대역,교대역,POI018,KEY_3,한산한,5,20000,30000,69.6,30.4,0.0,0.0,82.6,17.4,0.0,0.0,92.0,8.0,20260825 2340
2026-08-25T23:57:50.622038+09:00,구로디지털단지역,구로디지털단지역,POI019,KEY_4,한산한,33,80000,90000,77.3,22.7,0.0,30.7,53.4,8.0,0.0,8.0,100.0,0.0,20260825 2340
2026-08-25T23:57:50.622038+09:00,구로역,구로역,POI020,KEY_1,한산한,4,20000,30000,66.2,33.8,0.0,0.0,58.5,26.2,6.2,9.2,100.0,0.0,20260825 2200
2026-08-25T23:57:50.622038+09:00,군자역,군자역,POI021,KEY_2,한산한,6,30000,40000,80.6,19.4,0.0,36.1,25.0,0.0,38.9,0.0,100.0,0.0,20260825 2340
2026-08-25T23:57:50.622038+09:00,대림역,대림역,POI023,KEY_3,한산한,4,40000,50000,61.4,38.6,0.0,0.0,61.4,18.2,0.0,20.5,100.0,0.0,20260825 2340
2026-08-25T23:57:50.622038+09:00,동대문역,동대문역,POI024,KEY_4,한산한,4,10000,20000,66.7,33.3,0.0,13.3,60.0,0.0,26.7,0.0,100.0,0.0,20260825 2340
2026-08-25T23:57:50.622038+09:00,뚝섬역,뚝섬역,POI025,KEY_1,한산한,7,20000,30000,70.8,29.2,0.0,29.2,16.7,0.0,25.0,29.2,82.8,17.2,20260825 2330
2026-08-25T23:57:50.622038+09:00,미아사거리역,미아사거리역,POI026,KEY_2,한산한,4,30000,40000,100.0,0.0,0.0,2.9,37.1,8.6,51.4,0.0,100.0,0.0,20260825 2340
2026-08-25T23:57:50.622038+09:00,발산역,발산역,POI027,KEY_3,보통,30,1700000,1800000,77.5,22.5,0.0,36.3,41.3,11.4,2.7,8.3,64.4,35.6,20260825 2340
2026-08-25T23:57:50.622038+09:00,사당역,사당역,POI029,KEY_4,한산한,14,300000,350000,50.9,49.1,0.9,4.5,62.3,1.2,17.1,14.1,100.0,0.0,20260825 2340
2026-08-25T23:57:50.622038+09:00,서울대입구역,서울대입구역,POI031,KEY_2,한산한,15,350000,400000,44.0,56.0,0.0,51.7,32.0,15.7,0.5,0.0,100.0,0.0,20260825 2340
2026-08-25T23:57:50.622038+09:00,서울식물원·마곡나루역,서울식물원·마곡나루역,POI032,KEY_3,보통,4,700000,750000,91.7,8.3,0.0,8.3,2.4,89.3,0.0,0.0,92.8,7.2,20260825 2340
2026-08-25T23:57:50.622038+09:00,서울역,서울역,POI033,KEY_4,한산한,4,20000,30000,35.8,64.2,0.0,0.0,64.2,35.8,0.0,0.0,81.7,18.3,20260825 2220
2026-08-25T23:57:50.622038+09:00,선릉역,선릉역,POI034,KEY_1,보통,28,1200000,1300000,45.9,54.1,0.0,7.5,23.0,31.7,8.7,29.0,68.1,31.9,20260825 2340
2026-08-25T23:57:50.622038+09:00,성신여대입구역,성신여대입구역,POI035,KEY_2,한산한,12,200000,250000,69.0,31.0,0.0,29.5,28.6,31.9,8.6,1.4,100.0,0.0,20260825 2340
2026-08-25T23:57:50.622038+09:00,수유역,수유역,POI036,KEY_3,보통,31,450000,500000,66.8,33.2,0.4,40.9,21.9,16.6,10.5,9.7,100.0,0.0,20260825 2340
2026-08-25T23:57:50.622038+09:00,신논현역·논현역,신논현역·논현역,POI037,KEY_2,보통,13,1600000,1700000,71.0,29.0,0.0,6.0,63.9,29.5,0.0,0.7,100.0,0.0,20260825 2340
2026-08-25T23:57:50.622038+09:00,신도림역,신도림역,POI038,KEY_3,한산한,4,10000,20000,61.1,38.9,0.0,50.0,38.9,0.0,0.0,11.1,100.0,0.0,20260825 2210
2026-08-25T23:57:50.622038+09:00,신림역,신림역,POI039,KEY_4,보통,55,1000000,1100000,77.4,22.6,0.2,29.0,44.3,19.9,5.2,1.4,100.0,0.0,20260825 2340
2026-08-25T23:57:50.622038+09:00,신정네거리역,신정네거리역,POI117,KEY_1,한산한,5,70000,80000,26.8,73.2,0.0,0.0,5.6,73.2,21.1,0.0,100.0,0.0,20260825 2320
2026-08-25T23:57:50.622038+09:00,신촌·이대역,신촌·이대역,POI040,KEY_2,보통,39,750000,800000,48.0,52.0,0.8,46.0,46.7,0.0,3.3,3.2,98.7,1.3,20260825 2340
2026-08-25T23:57:50.622038+09:00,쌍문역,쌍문역,POI070,KEY_3,한산한,6,50000,60000,42.0,58.0,0.0,18.0,4.0,78.0,0.0,0.0,100.0,0.0,20260825 2340
2026-08-25T23:57:50.622038+09:00,양재역,양재역,POI041,KEY_4,한산한,5,200000,250000,69.1,30.9,0.0,0.0,69.1,30.9,0.0,0.0,57.4,42.6,20260825 2330
2026-08-25T23:57:50.622038+09:00,역삼역,역삼역,POI042,KEY_1,한산한,12,100000,150000,97.5,2.5,0.0,11.5,12.3,57.4,18.9,0.0,100.0,0.0,20260825 2340
2026-08-25T23:57:50.622038+09:00,연신내역,연신내역,POI043,KEY_2,한산한,19,250000,300000,15.9,84.1,0.0,14.0,27.9,29.1,29.1,0.0,100.0,0.0,20260825 2340
2026-08-25T23:57:50.622038+09:00,오목교역·목동운동장,오목교역·목동운동장,POI044,KEY_3,한산한,11,200000,250000,29.8,70.2,0.0,0.0,0.0,51.1,34.8,14.0,83.7,16.3,20260825 2340
2026-08-25T23:57:50.622038+09:00,왕십리역,왕십리역,POI045,KEY_4,보통,20,450000,500000,44.8,55.2,0.2,42.5,9.3,18.1,3.0,26.8,100.0,0.0,20260825 2340
2026-08-25T23:57:50.622038+09:00,용산역,용산역,POI046,KEY_1,한산한,5,60000,70000,40.3,59.7,0.0,59.7,9.0,25.4,6.0,0.0,100.0,0.0,20260825 2340
2026-08-25T23:57:50.622038+09:00,이태원역,이태원역,POI047,KEY_2,한산한,10,150000,200000,29.7,70.3,0.0,30.8,58.4,10.8,0.0,0.0,100.0,0.0,20260825 2340
2026-08-25T23:57:50.622038+09:00,잠실새내역,잠실새내역,POI118,KEY_3,한산한,17,350000,400000,55.6,44.4,0.0,16.4,35.6,32.8,15.2,0.0,100.0,0.0,20260825 2340
2026-08-25T23:57:50.622038+09:00,잠실역,잠실역,POI119,KEY_4,한산한,7,20000,30000,50.0,50.0,9.1,27.3,27.3,0.0,36.4,0.0,100.0,0.0,20260825 2330
2026-08-25T23:57:50.622038+09:00,장지역,장지역,POI048,KEY_1,한산한,6,60000,70000,38.1,61.9,0.0,15.9,41.3,4.8,0.0,38.1,100.0,0.0,20260825 2340
2026-08-25T23:57:50.622038+09:00,장한평역,장한평역,POI049,KEY_2,한산한,4,20000,30000,54.2,45.8,0.0,70.8,0.0,29.2,0.0,0.0,100.0,0.0,20260825 2340
2026-08-25T23:57:50.622038+09:00,천호역,천호역,POI050,KEY_3,한산한,6,20000,30000,100.0,0.0,0.0,38.5,46.2,15.4,0.0,0.0,100.0,0.0,20260825 2340
2026-08-25T23:57:50.622038+09:00,총신대입구(이수)역,총신대입구(이수)역,POI051,KEY_4,한산한,8,150000,200000,77.3,22.7,0.0,11.4,46.0,31.3,11.4,0.0,97.8,2.2,20260825 2340
2026-08-25T23:57:50.622038+09:00,충정로역,충정로역,POI052,KEY_1,한산한,4,20000,30000,30.8,69.2,0.0,15.4,0.0,53.8,0.0,30.8,100.0,0.0,20260825 2330
2026-08-25T23:57:50.622038+09:00,합정역,합정역,POI053,KEY_2,한산한,12,70000,80000,61.6,38.4,0.0,68.5,26.0,0.0,0.0,5.5,100.0,0.0,20260825 2340
2026-08-25T23:57:50.622038+09:00,혜화역,혜화역,POI054,KEY_3,한산한,5,250000,300000,37.7,62.3,0.0,79.6,20.4,0.0,0.0,0.0,100.0,0.0,20260825 2340
2026-08-25T23:57:50.622038+09:00,홍대입구역(2호선),홍대입구역(2호선),POI055,KEY_4,한산한,15,400000,450000,63.7,36.3,0.0,48.4,11.3,38.5,1.9,0.0,88.4,11.6,20260825 2340
2026-08-25T23:57:50.622038+09:00,회기역,회기역,POI056,KEY_1,바쁜,26,650000,700000,84.6,15.4,0.0,20.1,48.7,27.1,3.6,0.4,100.0,0.0,20260825 2340
