fetched_at,place_name,AREA_NM,AREA_CD,_key_used,AREA_CMRCL_LVL,AREA_SH_PAYMENT_CNT,AREA_SH_PAYMENT_AMT_MIN,AREA_SH_PAYMENT_AMT_MAX,CMRCL_MALE_RATE,CMRCL_FEMALE_RATE,CMRCL_10_RATE,CMRCL_20_RATE,CMRCL_30_RATE,CMRCL_40_RATE,CMRCL_50_RATE,CMRCL_60_RATE,CMRCL_PERSONAL_RATE,CMRCL_CORPORATION_RATE,CMRCL_TIME
2026-08-14T00:09:18.765771+09:00,광화문·덕수궁,광화문·덕수궁,POI009,KEY_2,한산한,13,450000,500000,60.2,39.8,0.0,0.0,18.7,31.3,50.0,0.0,100.0,0.0,20260813 2350
2026-08-14T00:09:18.765771+09:00,보신각,보신각,POI010,KEY_3,한산한,5,30000,40000,100.0,0.0,0.0,6.5,12.9,54.8,25.8,0.0,100.0,0.0,20260813 2350
2026-08-14T00:09:18.765771+09:00,강남 MICE 관광특구,강남 MICE 관광특구,POI001,KEY_2,한산한,4,10000,20000,100.0,0.0,0.0,0.0,31.6,68.4,0.0,0.0,100.0,0.0,20260813 2340
2026-08-14T00:09:18.765771+09:00,동대문 관광특구,동대문 관광특구,POI002,KEY_3,한산한,11,50000,60000,50.9,49.1,0.0,28.3,20.8,30.2,1.9,18.9,100.0,0.0,20260813 2350
2026-08-14T00:09:18.765771+09:00,명동 관광특구,명동 관광특구,POI003,KEY_4,한산한,19,550000,600000,14.5,85.5,0.0,5.8,86.0,1.7,6.5,0.0,70.5,29.5,20260813 2350
2026-08-14T00:09:18.765771+09:00,이태원 관광특구,이태원 관광특구,POI004,KEY_1,보통,27,850000,900000,80.5,19.5,0.0,9.6,12.6,9.2,65.7,2.9,96.6,3.4,20260813 2350
2026-08-14T00:09:18.765771+09:00,잠실 관광특구,잠실 관광특구,POI005,KEY_2,보통,35,850000,900000,77.0,23.0,1.8,24.7,29.5,36.6,6.6,0.8,100.0,0.0,20260813 2350
2026-08-14T00:09:18.765771+09:00,종로·청계 관광특구,종로·청계 관광특구,POI006,KEY_3,보통,24,1400000,1500000,79.7,20.3,0.0,21.0,65.7,12.6,0.7,0.0,95.1,4.9,20260813 2350
2026-08-14T00:09:18.765771+09:00,홍대 관광특구,홍대 관광특구,POI007,KEY_4,보통,106,3200000,3300000,63.0,37.0,2.3,54.1,23.5,3.9,14.0,2.2,83.2,16.8,20260813 2350
2026-08-14T00:09:18.765771+09:00,가락시장,가락시장,POI058,KEY_2,보통,6,450000,500000,19.8,80.2,0.0,0.0,0.0,0.0,12.8,87.2,50.1,49.9,20260813 2340
2026-08-14T00:09:18.765771+09:00,가로수길,가로수길,POI059,KEY_3,한산한,16,850000,900000,95.0,5.0,0.3,0.5,91.1,1.1,0.8,6.2,89.7,10.3,20260813 2350
2026-08-14T00:09:18.765771+09:00,광장(전통)시장,광장(전통)시장,POI060,KEY_4,한산한,4,10000,20000,58.3,41.7,0.0,25.0,50.0,25.0,0.0,0.0,100.0,0.0,20260813 2320
2026-08-14T00:09:18.765771+09:00,김포공항,김포공항,POI061,KEY_1,한산한,4,10000,20000,71.4,28.6,0.0,7.1,14.3,50.0,28.6,0.0,100.0,0.0,20260813 2250
2026-08-14T00:09:18.765771+09:00,남대문시장,남대문시장,POI115,KEY_2,한산한,6,20000,30000,85.7,14.3,0.0,0.0,57.1,42.9,0.0,0.0,100.0,0.0,20260813 2300
2026-08-14T00:09:18.765771+09:00,노량진,노량진,POI063,KEY_3,한산한,15,90000,100000,87.8,12.2,0.0,20.4,50.0,14.3,13.3,2.0,100.0,0.0,20260813 2350
2026-08-14T00:09:18.765771+09:00,덕수궁길·정동길,덕수궁길·정동길,POI064,KEY_4,한산한,8,90000,100000,87.5,12.5,0.0,7.3,20.8,26.0,3.1,42.7,100.0,0.0,20260813 2150
2026-08-14T00:09:18.765771+09:00,북창동 먹자골목,북창동 먹자골목,POI114,KEY_1,한산한,4,50000,60000,56.9,43.1,0.0,54.9,5.9,39.2,0.0,0.0,100.0,0.0,20260813 2330
2026-08-14T00:09:18.765771+09:00,북촌한옥마을,북촌한옥마을,POI066,KEY_2,한산한,4,40000,50000,56.5,43.5,0.0,0.0,43.5,8.7,47.8,0.0,53.5,46.5,20260813 2350
2026-08-14T00:09:18.765771+09:00,서촌,서촌,POI067,KEY_3,한산한,6,50000,60000,50.0,50.0,0.0,33.3,0.0,47.6,19.0,0.0,82.0,18.0,20260813 2340
2026-08-14T00:09:18.765771+09:00,성수카페거리,성수카페거리,POI068,KEY_4,한산한,4,10000,20000,46.2,53.8,0.0,53.8,30.8,15.4,0.0,0.0,100.0,0.0,20260813 2340
2026-08-14T00:09:18.765771+09:00,송리단길·호수단길,송리단길·호수단길,POI121,KEY_1,한산한,5,60000,70000,86.7,13.3,0.0,0.0,11.7,10.0,3.3,75.0,100.0,0.0,20260813 2350
2026-08-14T00:09:18.765771+09:00,신촌 스타광장,신촌 스타광장,POI122,KEY_2,한산한,5,20000,30000,27.3,72.7,0.0,50.0,13.6,0.0,36.4,0.0,100.0,0.0,20260813 2350
2026-08-14T00:09:18.765771+09:00,압구정로데오거리,압구정로데오거리,POI071,KEY_3,보통,17,2400000,2500000,68.2,31.8,0.0,40.9,18.9,17.9,22.3,0.0,27.9,72.1,20260813 2350
2026-08-14T00:09:18.765771+09:00,여의도,여의도,POI072,KEY_4,한산한,23,850000,900000,70.6,29.4,0.0,14.0,15.5,63.8,5.2,1.5,38.9,61.1,20260813 2350
2026-08-14T00:09:18.765771+09:00,연남동,연남동,POI073,KEY_1,보통,14,600000,650000,36.5,63.5,0.0,70.1,22.3,0.0,7.6,0.0,89.2,10.8,20260813 2350
2026-08-14T00:09:18.765771+09:00,영등포 타임스퀘어,영등포 타임스퀘어,POI074,KEY_2,보통,31,650000,700000,52.3,47.7,1.3,60.0,35.0,0.7,0.6,2.4,81.9,18.1,20260813 2350
2026-08-14T00:09:18.765771+09:00,용리단길,용리단길,POI076,KEY_3,한산한,4,20000,30000,85.7,14.3,0.0,42.9,53.6,0.0,3.6,0.0,100.0,0.0,20260813 2350
2026-08-14T00:09:18.765771+09:00,이태원 앤틱가구거리,이태원 앤틱가구거리,POI077,KEY_4,한산한,4,50000,60000,100.0,0.0,0.0,0.0,41.1,16.1,0.0,42.9,100.0,0.0,20260813 2350
2026-08-14T00:09:18.765771+09:00,익선동,익선동,POI116,KEY_1,보통,24,950000,1000000,57.6,42.4,0.0,24.4,52.5,22.2,0.9,0.0,100.0,0.0,20260813 2350
2026-08-14T00:09:18.765771+09:00,인사동,인사동,POI078,KEY_2,한산한,6,50000,60000,39.3,60.7,0.0,60.7,17.9,7.1,14.3,0.0,100.0,0.0,20260813 2350
2026-08-14T00:09:18.765771+09:00,잠실롯데타워·석촌호수,잠실롯데타워·석촌호수,POI120,KEY_3,보통,34,800000,850000,76.6,23.4,0.0,25.2,30.1,37.2,6.7,0.8,100.0,0.0,20260813 2350
2026-08-14T00:09:18.765771+09:00,창동 신경제 중심지,창동 신경제 중심지,POI079,KEY_4,한산한,46,750000,800000,71.2,28.8,0.7,18.5,19.7,25.8,35.3,0.0,92.8,7.2,20260813 2350
2026-08-14T00:09:18.765771+09:00,청담동 명품거리,청담동 명품거리,POI080,KEY_1,한산한,6,40000,50000,48.8,51.2,0.0,14.0,34.9,37.2,0.0,14.0,100.0,0.0,20260813 2320
2026-08-14T00:09:18.765771+09:00,청량리 제기동 일대 전통시장,청량리 제기동 일대 전통시장,POI081,KEY_2,한산한,4,30000,40000,75.0,25.0,0.0,12.5,12.5,0.0,62.5,12.5,100.0,0.0,20260813 2350
2026-08-14T00:09:18.765771+09:00,해방촌·경리단길,해방촌·경리단길,POI082,KEY_3,한산한,5,20000,30000,70.4,29.6,0.0,37.0,7.4,48.1,7.4,0.0,100.0,0.0,20260813 2350
2026-08-14T00:09:18.765771+09:00,DDP(동대문디자인플라자),DDP(동대문디자인플라자),POI083,KEY_4,한산한,4,60000,70000,50.0,50.0,0.0,43.3,3.3,6.7,46.7,0.0,100.0,0.0,20260813 2120
2026-08-14T00:09:18.765771+09:00,DMC(디지털미디어시티),DMC(디지털미디어시티),POI084,KEY_1,한산한,8,50000,60000,92.3,7.7,0.0,0.0,15.4,61.5,23.1,0.0,50.0,50.0,20260813 2350
2026-08-14T00:09:18.765771+09:00,가산디지털단지역,가산디지털단지역,POI013,KEY_2,한산한,5,10000,20000,15.8,84.2,0.0,31.6,10.5,57.9,0.0,0.0,100.0,0.0,20260813 2350
2026-08-14T00:09:18.765771+09:00,강남역,강남역,POI014,KEY_3,보통,82,5600000,5700000,70.3,29.7,1.2,13.3,22.9,27.2,0.1,35.3,60.2,39.8,20260813 2350
2026-08-14T00:09:18.765771+09:00,건대입구역,건대입구역,POI015,KEY_4,한산한,23,600000,650000,45.9,54.1,0.0,80.5,9.9,9.6,0.0,0.0,100.0,0.0,20260813 2350
2026-08-14T00:09:18.765771+09:00,고덕역,고덕역,POI016,KEY_1,한산한,7,60000,70000,76.1,23.9,0.0,26.9,13.4,6.0,47.8,6.0,100.0,0.0,20260813 2300
2026-08-14T00:09:18.765771+09:00,고속터미널역,고속터미널역,POI017,KEY_2,한산한,11,50000,60000,72.1,27.9,4.7,55.8,0.0,18.6,20.9,0.0,81.1,18.9,20260813 2350
2026-08-14T00:09:18.765771+09:00,교대역,교대역,POI018,KEY_3,한산한,10,150000,200000,62.8,37.2,0.0,10.6,0.0,33.0,56.4,0.0,58.0,42.0,20260813 2350
2026-08-14T00:09:18.765771+09:00,구로디지털단지역,구로디지털단지역,POI019,KEY_4,한산한,21,350000,400000,91.6,8.4,0.0,29.9,47.8,5.1,13.1,4.0,75.1,24.9,20260813 2350
2026-08-14T00:09:18.765771+09:00,구로역,구로역,POI020,KEY_1,한산한,5,30000,40000,50.0,50.0,0.0,12.5,25.0,0.0,25.0,37.5,100.0,0.0,20260813 2320
2026-08-14T00:09:18.765771+09:00,군자역,군자역,POI021,KEY_2,한산한,7,80000,90000,53.4,46.6,0.0,8.0,43.2,10.2,22.7,15.9,100.0,0.0,20260813 2350
2026-08-14T00:09:18.765771+09:00,대림역,대림역,POI023,KEY_3,한산한,8,70000,80000,100.0,0.0,0.0,3.6,0.0,81.8,14.5,0.0,71.4,28.6,20260813 2350
2026-08-14T00:09:18.765771+09:00,동대문역,동대문역,POI024,KEY_4,한산한,4,0,10000,100.0,0.0,20.0,60.0,0.0,0.0,20.0,0.0,100.0,0.0,20260813 2350
2026-08-14T00:09:18.765771+09:00,뚝섬역,뚝섬역,POI025,KEY_1,한산한,9,200000,250000,46.7,53.3,0.0,14.8,41.2,23.1,20.9,0.0,79.8,20.2,20260813 2330
2026-08-14T00:09:18.765771+09:00,미아사거리역,미아사거리역,POI026,KEY_2,한산한,10,40000,50000,61.0,39.0,0.0,26.8,34.1,17.1,14.6,7.3,100.0,0.0,20260813 2350
2026-08-14T00:09:18.765771+09:00,발산역,발산역,POI027,KEY_3,한산한,21,300000,350000,50.5,49.5,0.0,2.3,45.9,40.9,6.4,4.5,66.0,34.0,20260813 2350
2026-08-14T00:09:18.765771+09:00,사당역,사당역,POI029,KEY_4,보통,28,850000,900000,35.3,64.7,0.0,11.6,67.8,7.2,13.3,0.1,100.0,0.0,20260813 2350
2026-08-14T00:09:18.765771+09:00,서울대입구역,서울대입구역,POI031,KEY_2,한산한,23,500000,550000,46.6,53.4,0.6,52.2,25.4,7.3,14.5,0.0,100.0,0.0,20260813 2350
2026-08-14T00:09:18.765771+09:00,서울식물원·마곡나루역,서울식물원·마곡나루역,POI032,KEY_3,한산한,4,20000,30000,73.1,26.9,0.0,23.1,76.9,0.0,0.0,0.0,100.0,0.0,20260813 2350
2026-08-14T00:09:18.765771+09:00,서울역,서울역,POI033,KEY_4,한산한,4,30000,40000,36.6,63.4,0.0,0.0,29.8,63.4,6.7,0.0,100.0,0.0,20260813 2330
2026-08-14T00:09:18.765771+09:00,선릉역,선릉역,POI034,KEY_1,한산한,24,650000,700000,58.2,41.8,0.7,27.1,22.0,34.3,15.6,0.3,99.9,0.1,20260813 2350
2026-08-14T00:09:18.765771+09:00,성신여대입구역,성신여대입구역,POI035,KEY_2,한산한,12,70000,80000,78.7,21.3,0.0,16.0,69.3,8.0,1.3,5.3,100.0,0.0,20260813 2350
2026-08-14T00:09:18.765771+09:00,수유역,수유역,POI036,KEY_3,한산한,15,80000,90000,64.0,36.0,0.0,27.9,45.3,9.3,5.8,11.6,100.0,0.0,20260813 2350
2026-08-14T00:09:18.765771+09:00,신논현역·논현역,신논현역·논현역,POI037,KEY_2,보통,23,1100000,1200000,65.9,34.1,2.5,49.9,27.7,19.2,0.7,0.0,70.6,29.4,20260813 2350
2026-08-14T00:09:18.765771+09:00,신도림역,신도림역,POI038,KEY_3,한산한,4,0,10000,82.4,17.6,0.0,5.9,0.0,11.8,58.8,23.5,100.0,0.0,20260813 2220
2026-08-14T00:09:18.765771+09:00,신림역,신림역,POI039,KEY_4,보통,52,1200000,1300000,78.0,22.0,0.1,32.7,17.1,6.2,19.3,24.7,97.4,2.6,20260813 2350
2026-08-14T00:09:18.765771+09:00,신정네거리역,신정네거리역,POI117,KEY_1,한산한,4,20000,30000,23.1,76.9,0.0,3.8,15.4,3.8,0.0,76.9,100.0,0.0,20260813 2300
2026-08-14T00:09:18.765771+09:00,신촌·이대역,신촌·이대역,POI040,KEY_2,보통,42,1000000,1100000,67.0,33.0,20.8,21.2,20.9,21.4,14.6,1.0,100.0,0.0,20260813 2350
2026-08-14T00:09:18.765771+09:00,쌍문역,쌍문역,POI070,KEY_3,한산한,15,250000,300000,50.2,49.8,0.0,1.5,54.0,34.0,10.6,0.0,100.0,0.0,20260813 2350
2026-08-14T00:09:18.765771+09:00,양재역,양재역,POI041,KEY_4,한산한,4,20000,30000,90.5,9.5,0.0,9.5,90.5,0.0,0.0,0.0,100.0,0.0,20260813 2350
2026-08-14T00:09:18.765771+09:00,역삼역,역삼역,POI042,KEY_1,한산한,6,50000,60000,100.0,0.0,0.0,0.0,28.9,71.1,0.0,0.0,67.3,32.7,20260813 2350
2026-08-14T00:09:18.765771+09:00,연신내역,연신내역,POI043,KEY_2,한산한,20,150000,200000,51.1,48.9,0.0,10.3,27.2,24.5,17.4,20.7,100.0,0.0,20260813 2350
2026-08-14T00:09:18.765771+09:00,오목교역·목동운동장,오목교역·목동운동장,POI044,KEY_3,한산한,13,60000,70000,96.0,4.0,0.0,0.0,8.0,56.0,36.0,0.0,83.6,16.4,20260813 2350
2026-08-14T00:09:18.765771+09:00,왕십리역,왕십리역,POI045,KEY_4,한산한,13,100000,150000,65.5,34.5,0.0,46.5,36.6,0.0,15.5,1.4,100.0,0.0,20260813 2350
2026-08-14T00:09:18.765771+09:00,용산역,용산역,POI046,KEY_1,한산한,5,70000,80000,37.5,62.5,0.0,51.4,44.4,0.0,0.0,4.2,100.0,0.0,20260813 2350
2026-08-14T00:09:18.765771+09:00,이태원역,이태원역,POI047,KEY_2,보통,17,250000,300000,71.5,28.5,0.0,7.9,44.3,34.6,12.7,0.4,88.4,11.6,20260813 2350
2026-08-14T00:09:18.765771+09:00,잠실새내역,잠실새내역,POI118,KEY_3,한산한,23,400000,450000,38.4,61.6,8.2,26.8,13.7,0.7,49.2,1.4,100.0,0.0,20260813 2350
2026-08-14T00:09:18.765771+09:00,잠실역,잠실역,POI119,KEY_4,한산한,4,20000,30000,100.0,0.0,0.0,0.0,0.0,0.0,100.0,0.0,50.0,50.0,20260813 2340
2026-08-14T00:09:18.765771+09:00,장지역,장지역,POI048,KEY_1,한산한,10,50000,60000,44.9,55.1,0.0,4.1,63.3,16.3,16.3,0.0,100.0,0.0,20260813 2350
2026-08-14T00:09:18.765771+09:00,장한평역,장한평역,POI049,KEY_2,한산한,7,30000,40000,81.6,18.4,0.0,18.4,71.1,0.0,10.5,0.0,100.0,0.0,20260813 2350
2026-08-14T00:09:18.765771+09:00,천호역,천호역,POI050,KEY_3,한산한,13,250000,300000,92.1,7.9,3.6,2.5,15.5,52.0,10.5,15.9,100.0,0.0,20260813 2350
2026-08-14T00:09:18.765771+09:00,총신대입구(이수)역,총신대입구(이수)역,POI051,KEY_4,한산한,9,300000,350000,50.3,49.7,0.0,0.0,74.0,19.5,6.5,0.0,100.0,0.0,20260813 2350
2026-08-14T00:09:18.765771+09:00,충정로역,충정로역,POI052,KEY_1,한산한,9,60000,70000,78.5,21.5,0.0,0.0,38.5,46.2,12.3,3.1,100.0,0.0,20260813 2330
2026-08-14T00:09:18.765771+09:00,합정역,합정역,POI053,KEY_2,보통,13,700000,750000,65.0,35.0,0.0,57.6,27.3,13.2,1.8,0.0,91.3,8.7,20260813 2350
2026-08-14T00:09:18.765771+09:00,혜화역,혜화역,POI054,KEY_3,한산한,10,100000,150000,19.8,80.2,0.0,18.9,40.6,0.0,40.6,0.0,100.0,0.0,20260813 2350
2026-08-14T00:09:18.765771+09:00,홍대입구역(2호선),홍대입구역(2호선),POI055,KEY_4,한산한,7,40000,50000,25.5,74.5,0.0,6.4,38.3,44.7,10.6,0.0,100.0,0.0,20260813 2350
2026-08-14T00:09:18.765771+09:00,회기역,회기역,POI056,KEY_1,한산한,5,40000,50000,28.2,71.8,0.0,33.3,66.7,0.0,0.0,0.0,100.0,0.0,20260813 2350
2026-08-14T02:08:09.353531+09:00,광화문·덕수궁,광화문·덕수궁,POI009,KEY_2,한산한,5,20000,30000,68.2,31.8,0.0,59.1,40.9,0.0,0.0,0.0,100.0,0.0,20260814 0120
2026-08-14T02:08:09.353531+09:00,보신각,보신각,POI010,KEY_3,한산한,4,10000,20000,47.1,52.9,0.0,17.6,47.1,11.8,23.5,0.0,100.0,0.0,20260814 0130
2026-08-14T02:08:09.353531+09:00,강남 MICE 관광특구,강남 MICE 관광특구,POI001,KEY_2,한산한,4,20000,30000,44.4,55.6,0.0,0.0,55.6,44.4,0.0,0.0,100.0,0.0,20260814 0000
2026-08-14T02:08:09.353531+09:00,동대문 관광특구,동대문 관광특구,POI002,KEY_3,한산한,4,20000,30000,55.6,44.4,0.0,66.7,0.0,0.0,33.3,0.0,100.0,0.0,20260814 0130
2026-08-14T02:08:09.353531+09:00,명동 관광특구,명동 관광특구,POI003,KEY_4,한산한,11,350000,400000,36.6,63.4,0.0,45.4,44.1,10.5,0.0,0.0,100.0,0.0,20260814 0140
2026-08-14T02:08:09.353531+09:00,이태원 관광특구,이태원 관광특구,POI004,KEY_1,분주한,30,3000000,3100000,91.8,8.2,0.8,45.9,47.1,6.1,0.0,0.0,31.0,69.0,20260814 0150
2026-08-14T02:08:09.353531+09:00,잠실 관광특구,잠실 관광특구,POI005,KEY_2,한산한,9,40000,50000,80.9,19.1,0.0,29.8,42.6,8.5,19.1,0.0,100.0,0.0,20260814 0150
2026-08-14T02:08:09.353531+09:00,종로·청계 관광특구,종로·청계 관광특구,POI006,KEY_3,한산한,13,100000,150000,70.8,29.2,0.0,13.1,35.0,9.5,20.4,21.9,100.0,0.0,20260814 0150
2026-08-14T02:08:09.353531+09:00,홍대 관광특구,홍대 관광특구,POI007,KEY_4,보통,59,1300000,1400000,77.4,22.6,1.9,56.2,17.6,0.6,22.7,1.0,91.6,8.4,20260814 0150
2026-08-14T02:08:09.353531+09:00,가락시장,가락시장,POI058,KEY_2,한산한,5,40000,50000,73.5,26.5,0.0,0.0,35.3,11.8,26.5,26.5,79.1,20.9,20260814 0150
2026-08-14T02:08:09.353531+09:00,가로수길,가로수길,POI059,KEY_3,한산한,5,40000,50000,78.1,21.9,0.0,0.0,18.8,0.0,59.4,21.9,63.3,36.7,20260814 0150
2026-08-14T02:08:09.353531+09:00,광장(전통)시장,광장(전통)시장,POI060,KEY_4,한산한,4,10000,20000,58.3,41.7,0.0,25.0,50.0,25.0,0.0,0.0,100.0,0.0,20260813 2320
2026-08-14T02:08:09.353531+09:00,김포공항,김포공항,POI061,KEY_1,한산한,4,10000,20000,71.4,28.6,0.0,7.1,14.3,50.0,28.6,0.0,100.0,0.0,20260813 2250
2026-08-14T02:08:09.353531+09:00,남대문시장,남대문시장,POI115,KEY_2,한산한,4,10000,20000,100.0,0.0,0.0,29.4,17.6,0.0,17.6,35.3,100.0,0.0,20260814 0110
2026-08-14T02:08:09.353531+09:00,노량진,노량진,POI063,KEY_3,한산한,10,50000,60000,96.2,3.8,0.0,11.5,7.7,75.0,5.8,0.0,100.0,0.0,20260814 0130
2026-08-14T02:08:09.353531+09:00,덕수궁길·정동길,덕수궁길·정동길,POI064,KEY_4,한산한,8,90000,100000,87.5,12.5,0.0,7.3,20.8,26.0,3.1,42.7,100.0,0.0,20260813 2150
2026-08-14T02:08:09.353531+09:00,북창동 먹자골목,북창동 먹자골목,POI114,KEY_1,한산한,4,50000,60000,56.9,43.1,0.0,54.9,5.9,39.2,0.0,0.0,100.0,0.0,20260813 2330
2026-08-14T02:08:09.353531+09:00,북촌한옥마을,북촌한옥마을,POI066,KEY_2,한산한,4,40000,50000,56.5,43.5,0.0,0.0,43.5,8.7,47.8,0.0,53.5,46.5,20260813 2350
2026-08-14T02:08:09.353531+09:00,서촌,서촌,POI067,KEY_3,한산한,6,50000,60000,50.0,50.0,0.0,33.3,0.0,47.6,19.0,0.0,82.0,18.0,20260813 2340
2026-08-14T02:08:09.353531+09:00,성수카페거리,성수카페거리,POI068,KEY_4,한산한,4,20000,30000,100.0,0.0,0.0,3.7,81.5,14.8,0.0,0.0,100.0,0.0,20260814 0110
2026-08-14T02:08:09.353531+09:00,송리단길·호수단길,송리단길·호수단길,POI121,KEY_1,한산한,6,30000,40000,94.1,5.9,0.0,35.3,64.7,0.0,0.0,0.0,100.0,0.0,20260814 0120
2026-08-14T02:08:09.353531+09:00,신촌 스타광장,신촌 스타광장,POI122,KEY_2,한산한,5,20000,30000,27.3,72.7,0.0,50.0,13.6,0.0,36.4,0.0,100.0,0.0,20260813 2350
2026-08-14T02:08:09.353531+09:00,압구정로데오거리,압구정로데오거리,POI071,KEY_3,한산한,9,900000,950000,90.0,10.0,0.0,7.2,16.1,23.8,2.8,50.1,76.2,23.8,20260814 0150
2026-08-14T02:08:09.353531+09:00,여의도,여의도,POI072,KEY_4,한산한,10,40000,50000,100.0,0.0,0.0,38.5,15.4,28.2,5.1,12.8,84.8,15.2,20260814 0150
2026-08-14T02:08:09.353531+09:00,연남동,연남동,POI073,KEY_1,한산한,13,300000,350000,62.2,37.8,0.0,30.9,53.8,13.8,1.5,0.0,100.0,0.0,20260814 0140
2026-08-14T02:08:09.353531+09:00,영등포 타임스퀘어,영등포 타임스퀘어,POI074,KEY_2,한산한,4,90000,100000,77.1,22.9,0.0,22.9,0.0,77.1,0.0,0.0,77.2,22.8,20260814 0140
2026-08-14T02:08:09.353531+09:00,용리단길,용리단길,POI076,KEY_3,한산한,4,150000,200000,42.0,58.0,0.0,23.5,42.0,0.0,0.0,34.5,62.3,37.7,20260814 0050
2026-08-14T02:08:09.353531+09:00,이태원 앤틱가구거리,이태원 앤틱가구거리,POI077,KEY_4,보통,8,100000,150000,24.5,75.5,0.0,6.8,89.1,0.0,4.1,0.0,100.0,0.0,20260814 0140
2026-08-14T02:08:09.353531+09:00,익선동,익선동,POI116,KEY_1,한산한,8,100000,150000,79.9,20.1,0.0,31.7,46.7,5.0,16.6,0.0,100.0,0.0,20260814 0130
2026-08-14T02:08:09.353531+09:00,인사동,인사동,POI078,KEY_2,한산한,5,30000,40000,57.6,42.4,0.0,12.1,63.6,24.2,0.0,0.0,100.0,0.0,20260814 0100
2026-08-14T02:08:09.353531+09:00,잠실롯데타워·석촌호수,잠실롯데타워·석촌호수,POI120,KEY_3,한산한,9,40000,50000,80.9,19.1,0.0,29.8,42.6,8.5,19.1,0.0,100.0,0.0,20260814 0150
2026-08-14T02:08:09.353531+09:00,창동 신경제 중심지,창동 신경제 중심지,POI079,KEY_4,한산한,14,150000,200000,66.2,33.8,0.0,27.8,52.0,1.0,19.2,0.0,100.0,0.0,20260814 0150
2026-08-14T02:08:09.353531+09:00,청담동 명품거리,청담동 명품거리,POI080,KEY_1,한산한,6,40000,50000,48.8,51.2,0.0,14.0,34.9,37.2,0.0,14.0,100.0,0.0,20260813 2320
2026-08-14T02:08:09.353531+09:00,청량리 제기동 일대 전통시장,청량리 제기동 일대 전통시장,POI081,KEY_2,한산한,4,30000,40000,75.0,25.0,0.0,12.5,12.5,0.0,62.5,12.5,100.0,0.0,20260813 2350
2026-08-14T02:08:09.353531+09:00,해방촌·경리단길,해방촌·경리단길,POI082,KEY_3,한산한,5,20000,30000,61.9,38.1,0.0,42.9,14.3,42.9,0.0,0.0,100.0,0.0,20260814 0140
2026-08-14T02:08:09.353531+09:00,DDP(동대문디자인플라자),DDP(동대문디자인플라자),POI083,KEY_4,한산한,4,60000,70000,50.0,50.0,0.0,43.3,3.3,6.7,46.7,0.0,100.0,0.0,20260813 2120
2026-08-14T02:08:09.353531+09:00,DMC(디지털미디어시티),DMC(디지털미디어시티),POI084,KEY_1,한산한,4,20000,30000,90.0,10.0,0.0,10.0,25.0,0.0,55.0,10.0,100.0,0.0,20260814 0120
2026-08-14T02:08:09.353531+09:00,가산디지털단지역,가산디지털단지역,POI013,KEY_2,한산한,5,10000,20000,15.8,84.2,10.5,57.9,31.6,0.0,0.0,0.0,100.0,0.0,20260814 0100
2026-08-14T02:08:09.353531+09:00,강남역,강남역,POI014,KEY_3,한산한,20,450000,500000,41.7,58.3,0.0,50.4,16.8,24.9,0.0,7.9,97.0,3.0,20260814 0150
2026-08-14T02:08:09.353531+09:00,건대입구역,건대입구역,POI015,KEY_4,한산한,15,250000,300000,60.8,39.2,0.0,77.3,4.8,7.0,11.0,0.0,100.0,0.0,20260814 0150
2026-08-14T02:08:09.353531+09:00,고덕역,고덕역,POI016,KEY_1,한산한,4,20000,30000,100.0,0.0,0.0,0.0,39.1,0.0,60.9,0.0,100.0,0.0,20260814 0110
2026-08-14T02:08:09.353531+09:00,고속터미널역,고속터미널역,POI017,KEY_2,한산한,4,10000,20000,64.3,35.7,0.0,7.1,14.3,35.7,42.9,0.0,100.0,0.0,20260814 0100
2026-08-14T02:08:09.353531+09:00,교대역,교대역,POI018,KEY_3,한산한,4,20000,30000,66.7,33.3,0.0,0.0,23.8,0.0,76.2,0.0,80.8,19.2,20260814 0150
2026-08-14T02:08:09.353531+09:00,구로디지털단지역,구로디지털단지역,POI019,KEY_4,한산한,6,30000,40000,100.0,0.0,0.0,0.0,43.6,0.0,0.0,56.4,100.0,0.0,20260814 0140
2026-08-14T02:08:09.353531+09:00,구로역,구로역,POI020,KEY_1,한산한,5,30000,40000,50.0,50.0,0.0,12.5,25.0,0.0,25.0,37.5,100.0,0.0,20260813 2320
2026-08-14T02:08:09.353531+09:00,군자역,군자역,POI021,KEY_2,한산한,5,40000,50000,68.9,31.1,0.0,0.0,44.4,20.0,35.6,0.0,100.0,0.0,20260814 0140
2026-08-14T02:08:09.353531+09:00,대림역,대림역,POI023,KEY_3,한산한,4,20000,30000,81.8,18.2,0.0,0.0,77.3,22.7,0.0,0.0,100.0,0.0,20260814 0140
2026-08-14T02:08:09.353531+09:00,동대문역,동대문역,POI024,KEY_4,한산한,4,0,10000,100.0,0.0,20.0,60.0,0.0,0.0,20.0,0.0,100.0,0.0,20260813 2350
2026-08-14T02:08:09.353531+09:00,뚝섬역,뚝섬역,POI025,KEY_1,한산한,4,20000,30000,100.0,0.0,0.0,25.0,0.0,50.0,0.0,25.0,100.0,0.0,20260814 0130
2026-08-14T02:08:09.353531+09:00,미아사거리역,미아사거리역,POI026,KEY_2,한산한,5,20000,30000,100.0,0.0,0.0,95.2,0.0,0.0,4.8,0.0,100.0,0.0,20260814 0150
2026-08-14T02:08:09.353531+09:00,발산역,발산역,POI027,KEY_3,한산한,6,20000,30000,86.4,13.6,13.6,4.5,0.0,27.3,54.5,0.0,100.0,0.0,20260814 0150
2026-08-14T02:08:09.353531+09:00,사당역,사당역,POI029,KEY_4,한산한,7,40000,50000,100.0,0.0,9.8,24.4,17.1,39.0,9.8,0.0,100.0,0.0,20260814 0150
2026-08-14T02:08:09.353531+09:00,서울대입구역,서울대입구역,POI031,KEY_2,한산한,7,40000,50000,64.3,35.7,0.0,11.9,52.4,7.1,14.3,14.3,100.0,0.0,20260814 0140
2026-08-14T02:08:09.353531+09:00,서울식물원·마곡나루역,서울식물원·마곡나루역,POI032,KEY_3,한산한,5,40000,50000,100.0,0.0,8.3,0.0,33.3,0.0,58.3,0.0,100.0,0.0,20260814 0150
2026-08-14T02:08:09.353531+09:00,서울역,서울역,POI033,KEY_4,한산한,4,30000,40000,36.6,63.4,0.0,0.0,29.8,63.4,6.7,0.0,100.0,0.0,20260813 2330
2026-08-14T02:08:09.353531+09:00,선릉역,선릉역,POI034,KEY_1,한산한,9,50000,60000,83.7,16.3,0.0,4.1,42.9,49.0,4.1,0.0,100.0,0.0,20260814 0150
2026-08-14T02:08:09.353531+09:00,성신여대입구역,성신여대입구역,POI035,KEY_2,한산한,4,90000,100000,47.3,52.7,0.0,16.5,30.8,52.7,0.0,0.0,100.0,0.0,20260814 0110
2026-08-14T02:08:09.353531+09:00,수유역,수유역,POI036,KEY_3,한산한,19,50000,60000,54.9,45.1,0.0,96.1,0.0,3.9,0.0,0.0,100.0,0.0,20260814 0150
2026-08-14T02:08:09.353531+09:00,신논현역·논현역,신논현역·논현역,POI037,KEY_2,한산한,4,10000,20000,100.0,0.0,0.0,0.0,75.0,25.0,0.0,0.0,100.0,0.0,20260814 0150
2026-08-14T02:08:09.353531+09:00,신도림역,신도림역,POI038,KEY_3,한산한,4,0,10000,82.4,17.6,0.0,5.9,0.0,11.8,58.8,23.5,100.0,0.0,20260813 2220
2026-08-14T02:08:09.353531+09:00,신림역,신림역,POI039,KEY_4,한산한,16,400000,450000,98.0,2.0,0.0,17.1,75.9,0.0,6.1,1.0,96.7,3.3,20260814 0150
2026-08-14T02:08:09.353531+09:00,신정네거리역,신정네거리역,POI117,KEY_1,한산한,4,30000,40000,100.0,0.0,0.0,0.0,43.8,56.3,0.0,0.0,100.0,0.0,20260814 0120
2026-08-14T02:08:09.353531+09:00,신촌·이대역,신촌·이대역,POI040,KEY_2,한산한,10,60000,70000,37.7,62.3,0.0,81.2,11.6,0.0,7.2,0.0,100.0,0.0,20260814 0150
2026-08-14T02:08:09.353531+09:00,쌍문역,쌍문역,POI070,KEY_3,한산한,4,30000,40000,57.1,42.9,42.9,11.4,45.7,0.0,0.0,0.0,100.0,0.0,20260814 0050
2026-08-14T02:08:09.353531+09:00,양재역,양재역,POI041,KEY_4,한산한,5,20000,30000,78.6,21.4,7.1,14.3,0.0,78.6,0.0,0.0,100.0,0.0,20260814 0040
2026-08-14T02:08:09.353531+09:00,역삼역,역삼역,POI042,KEY_1,한산한,8,30000,40000,76.9,23.1,0.0,0.0,38.5,28.2,33.3,0.0,100.0,0.0,20260814 0150
2026-08-14T02:08:09.353531+09:00,연신내역,연신내역,POI043,KEY_2,한산한,6,200000,250000,33.7,66.3,0.0,0.0,79.3,10.2,10.6,0.0,100.0,0.0,20260814 0150
2026-08-14T02:08:09.353531+09:00,오목교역·목동운동장,오목교역·목동운동장,POI044,KEY_3,한산한,4,20000,30000,0.0,100.0,0.0,0.0,26.9,46.2,26.9,0.0,100.0,0.0,20260814 0130
2026-08-14T02:08:09.353531+09:00,왕십리역,왕십리역,POI045,KEY_4,한산한,8,20000,30000,75.0,25.0,15.0,25.0,10.0,30.0,20.0,0.0,100.0,0.0,20260814 0140
2026-08-14T02:08:09.353531+09:00,용산역,용산역,POI046,KEY_1,한산한,4,30000,40000,100.0,0.0,0.0,44.7,50.0,0.0,0.0,5.3,100.0,0.0,20260814 0120
2026-08-14T02:08:09.353531+09:00,이태원역,이태원역,POI047,KEY_2,분주한,26,3000000,3100000,92.9,7.1,0.9,45.8,47.0,6.4,0.0,0.0,30.2,69.8,20260814 0150
2026-08-14T02:08:09.353531+09:00,잠실새내역,잠실새내역,POI118,KEY_3,한산한,6,250000,300000,90.2,9.8,0.0,37.3,0.0,9.8,52.9,0.0,98.7,1.3,20260814 0150
2026-08-14T02:08:09.353531+09:00,잠실역,잠실역,POI119,KEY_4,한산한,6,20000,30000,48.3,51.7,0.0,13.8,27.6,58.6,0.0,0.0,100.0,0.0,20260814 0000
2026-08-14T02:08:09.353531+09:00,장지역,장지역,POI048,KEY_1,한산한,5,30000,40000,89.2,10.8,0.0,0.0,5.4,10.8,83.8,0.0,100.0,0.0,20260814 0100
2026-08-14T02:08:09.353531+09:00,장한평역,장한평역,POI049,KEY_2,한산한,4,40000,50000,100.0,0.0,0.0,48.9,0.0,0.0,51.1,0.0,100.0,0.0,20260814 0140
2026-08-14T02:08:09.353531+09:00,천호역,천호역,POI050,KEY_3,한산한,5,40000,50000,76.6,23.4,0.0,10.6,46.8,42.6,0.0,0.0,100.0,0.0,20260814 0150
2026-08-14T02:08:09.353531+09:00,총신대입구(이수)역,총신대입구(이수)역,POI051,KEY_4,한산한,5,80000,90000,17.0,83.0,0.0,4.5,87.5,8.0,0.0,0.0,100.0,0.0,20260814 0110
2026-08-14T02:08:09.353531+09:00,충정로역,충정로역,POI052,KEY_1,한산한,9,60000,70000,78.5,21.5,0.0,0.0,38.5,46.2,12.3,3.1,100.0,0.0,20260813 2330
2026-08-14T02:08:09.353531+09:00,합정역,합정역,POI053,KEY_2,한산한,4,20000,30000,85.0,15.0,0.0,15.0,0.0,50.0,35.0,0.0,100.0,0.0,20260814 0130
2026-08-14T02:08:09.353531+09:00,혜화역,혜화역,POI054,KEY_3,한산한,4,20000,30000,50.0,50.0,0.0,40.9,0.0,0.0,50.0,9.1,100.0,0.0,20260814 0120
2026-08-14T02:08:09.353531+09:00,홍대입구역(2호선),홍대입구역(2호선),POI055,KEY_4,한산한,4,20000,30000,100.0,0.0,0.0,76.0,8.0,0.0,16.0,0.0,100.0,0.0,20260814 0110
2026-08-14T02:08:09.353531+09:00,회기역,회기역,POI056,KEY_1,한산한,4,20000,30000,100.0,0.0,0.0,28.6,32.1,0.0,39.3,0.0,100.0,0.0,20260814 0150
2026-08-14T04:17:08.996837+09:00,광화문·덕수궁,광화문·덕수궁,POI009,KEY_2,한산한,7,90000,100000,42.3,57.7,0.0,57.7,17.9,10.3,14.1,0.0,81.9,18.1,20260814 0220
2026-08-14T04:17:08.996837+09:00,보신각,보신각,POI010,KEY_3,한산한,4,150000,200000,77.8,22.2,0.0,0.0,46.3,31.5,0.0,22.2,72.0,28.0,20260814 0230
2026-08-14T04:17:08.996837+09:00,강남 MICE 관광특구,강남 MICE 관광특구,POI001,KEY_2,한산한,4,20000,30000,44.4,55.6,0.0,0.0,55.6,44.4,0.0,0.0,100.0,0.0,20260814 0000
2026-08-14T04:17:08.996837+09:00,동대문 관광특구,동대문 관광특구,POI002,KEY_3,한산한,5,30000,40000,100.0,0.0,0.0,0.0,33.3,66.7,0.0,0.0,66.7,33.3,20260814 0330
2026-08-14T04:17:08.996837+09:00,명동 관광특구,명동 관광특구,POI003,KEY_4,한산한,4,100000,150000,100.0,0.0,0.0,0.0,65.1,29.2,0.0,5.7,100.0,0.0,20260814 0350
2026-08-14T04:17:08.996837+09:00,이태원 관광특구,이태원 관광특구,POI004,KEY_1,한산한,11,250000,300000,76.0,24.0,0.0,66.9,30.2,0.0,2.9,0.0,94.9,5.1,20260814 0400
2026-08-14T04:17:08.996837+09:00,잠실 관광특구,잠실 관광특구,POI005,KEY_2,한산한,7,40000,50000,50.0,50.0,0.0,33.3,52.1,0.0,14.6,0.0,100.0,0.0,20260814 0340
2026-08-14T04:17:08.996837+09:00,종로·청계 관광특구,종로·청계 관광특구,POI006,KEY_3,한산한,4,30000,40000,94.7,5.3,0.0,31.6,0.0,10.5,57.9,0.0,100.0,0.0,20260814 0350
2026-08-14T04:17:08.996837+09:00,홍대 관광특구,홍대 관광특구,POI007,KEY_4,한산한,25,500000,550000,65.6,34.4,0.0,71.9,21.3,1.7,4.8,0.4,100.0,0.0,20260814 0400
2026-08-14T04:17:08.996837+09:00,가락시장,가락시장,POI058,KEY_2,한산한,7,30000,40000,100.0,0.0,0.0,0.0,0.0,0.0,0.0,100.0,50.0,50.0,20260814 0310
2026-08-14T04:17:08.996837+09:00,가로수길,가로수길,POI059,KEY_3,한산한,4,10000,20000,83.3,16.7,0.0,75.0,0.0,0.0,25.0,0.0,100.0,0.0,20260814 0320
2026-08-14T04:17:08.996837+09:00,광장(전통)시장,광장(전통)시장,POI060,KEY_4,한산한,4,10000,20000,58.3,41.7,0.0,25.0,50.0,25.0,0.0,0.0,100.0,0.0,20260813 2320
2026-08-14T04:17:08.996837+09:00,김포공항,김포공항,POI061,KEY_1,한산한,4,10000,20000,71.4,28.6,0.0,7.1,14.3,50.0,28.6,0.0,100.0,0.0,20260813 2250
2026-08-14T04:17:08.996837+09:00,남대문시장,남대문시장,POI115,KEY_2,한산한,4,10000,20000,100.0,0.0,0.0,29.4,17.6,0.0,17.6,35.3,100.0,0.0,20260814 0110
2026-08-14T04:17:08.996837+09:00,노량진,노량진,POI063,KEY_3,한산한,4,10000,20000,100.0,0.0,0.0,46.2,53.8,0.0,0.0,0.0,100.0,0.0,20260814 0300
2026-08-14T04:17:08.996837+09:00,덕수궁길·정동길,덕수궁길·정동길,POI064,KEY_4,한산한,8,90000,100000,87.5,12.5,0.0,7.3,20.8,26.0,3.1,42.7,100.0,0.0,20260813 2150
2026-08-14T04:17:08.996837+09:00,북창동 먹자골목,북창동 먹자골목,POI114,KEY_1,한산한,4,50000,60000,56.9,43.1,0.0,54.9,5.9,39.2,0.0,0.0,100.0,0.0,20260813 2330
2026-08-14T04:17:08.996837+09:00,북촌한옥마을,북촌한옥마을,POI066,KEY_2,한산한,4,70000,80000,88.0,12.0,0.0,73.3,0.0,14.7,0.0,12.0,100.0,0.0,20260814 0320
2026-08-14T04:17:08.996837+09:00,서촌,서촌,POI067,KEY_3,한산한,6,50000,60000,50.0,50.0,0.0,33.3,0.0,47.6,19.0,0.0,82.0,18.0,20260813 2340
2026-08-14T04:17:08.996837+09:00,성수카페거리,성수카페거리,POI068,KEY_4,한산한,4,20000,30000,100.0,0.0,0.0,3.7,81.5,14.8,0.0,0.0,100.0,0.0,20260814 0110
2026-08-14T04:17:08.996837+09:00,송리단길·호수단길,송리단길·호수단길,POI121,KEY_1,한산한,4,30000,40000,100.0,0.0,0.0,0.0,0.0,88.6,0.0,11.4,100.0,0.0,20260814 0240
2026-08-14T04:17:08.996837+09:00,신촌 스타광장,신촌 스타광장,POI122,KEY_2,한산한,4,0,10000,40.0,60.0,0.0,0.0,0.0,60.0,40.0,0.0,100.0,0.0,20260814 0200
2026-08-14T04:17:08.996837+09:00,압구정로데오거리,압구정로데오거리,POI071,KEY_3,한산한,5,20000,30000,100.0,0.0,0.0,45.5,18.2,0.0,36.4,0.0,100.0,0.0,20260814 0310
2026-08-14T04:17:08.996837+09:00,여의도,여의도,POI072,KEY_4,한산한,6,20000,30000,48.1,51.9,0.0,51.9,44.4,0.0,0.0,3.7,100.0,0.0,20260814 0400
2026-08-14T04:17:08.996837+09:00,연남동,연남동,POI073,KEY_1,한산한,4,40000,50000,93.2,6.8,0.0,6.8,93.2,0.0,0.0,0.0,100.0,0.0,20260814 0350
2026-08-14T04:17:08.996837+09:00,영등포 타임스퀘어,영등포 타임스퀘어,POI074,KEY_2,한산한,4,20000,30000,100.0,0.0,0.0,13.8,65.5,20.7,0.0,0.0,100.0,0.0,20260814 0320
2026-08-14T04:17:08.996837+09:00,용리단길,용리단길,POI076,KEY_3,한산한,4,250000,300000,72.1,27.9,0.0,27.9,62.1,0.0,0.0,10.1,100.0,0.0,20260814 0230
2026-08-14T04:17:08.996837+09:00,이태원 앤틱가구거리,이태원 앤틱가구거리,POI077,KEY_4,한산한,5,100000,150000,74.5,25.5,0.0,19.6,24.5,0.0,55.9,0.0,100.0,0.0,20260814 0310
2026-08-14T04:17:08.996837+09:00,익선동,익선동,POI116,KEY_1,한산한,5,250000,300000,100.0,0.0,0.0,0.0,100.0,0.0,0.0,0.0,100.0,0.0,20260814 0210
2026-08-14T04:17:08.996837+09:00,인사동,인사동,POI078,KEY_2,한산한,5,30000,40000,0.0,100.0,0.0,100.0,0.0,0.0,0.0,0.0,100.0,0.0,20260814 0100
2026-08-14T04:17:08.996837+09:00,잠실롯데타워·석촌호수,잠실롯데타워·석촌호수,POI120,KEY_3,한산한,7,40000,50000,50.0,50.0,0.0,33.3,52.1,0.0,14.6,0.0,100.0,0.0,20260814 0340
2026-08-14T04:17:08.996837+09:00,창동 신경제 중심지,창동 신경제 중심지,POI079,KEY_4,한산한,12,300000,350000,59.4,40.6,0.0,56.2,27.6,7.0,9.2,0.0,100.0,0.0,20260814 0350
2026-08-14T04:17:08.996837+09:00,청담동 명품거리,청담동 명품거리,POI080,KEY_1,한산한,4,10000,20000,62.5,37.5,0.0,37.5,62.5,0.0,0.0,0.0,100.0,0.0,20260814 0200
2026-08-14T04:17:08.996837+09:00,청량리 제기동 일대 전통시장,청량리 제기동 일대 전통시장,POI081,KEY_2,한산한,4,30000,40000,75.0,25.0,0.0,12.5,12.5,0.0,62.5,12.5,100.0,0.0,20260813 2350
2026-08-14T04:17:08.996837+09:00,해방촌·경리단길,해방촌·경리단길,POI082,KEY_3,한산한,5,70000,80000,8.0,92.0,0.0,30.7,0.0,0.0,8.0,61.3,100.0,0.0,20260814 0400
2026-08-14T04:17:08.996837+09:00,DDP(동대문디자인플라자),DDP(동대문디자인플라자),POI083,KEY_4,한산한,4,60000,70000,50.0,50.0,0.0,43.3,3.3,6.7,46.7,0.0,100.0,0.0,20260813 2120
2026-08-14T04:17:08.996837+09:00,DMC(디지털미디어시티),DMC(디지털미디어시티),POI084,KEY_1,한산한,4,20000,30000,90.0,10.0,0.0,10.0,25.0,0.0,55.0,10.0,100.0,0.0,20260814 0120
2026-08-14T04:17:08.996837+09:00,가산디지털단지역,가산디지털단지역,POI013,KEY_2,한산한,4,10000,20000,100.0,0.0,0.0,0.0,72.7,0.0,9.1,18.2,100.0,0.0,20260814 0340
2026-08-14T04:17:08.996837+09:00,강남역,강남역,POI014,KEY_3,한산한,11,200000,250000,60.8,39.2,0.0,30.9,64.5,3.2,1.4,0.0,100.0,0.0,20260814 0400
2026-08-14T04:17:08.996837+09:00,건대입구역,건대입구역,POI015,KEY_4,한산한,5,200000,250000,50.0,50.0,2.4,59.4,0.0,0.0,38.2,0.0,100.0,0.0,20260814 0400
2026-08-14T04:17:08.996837+09:00,고덕역,고덕역,POI016,KEY_1,한산한,4,20000,30000,100.0,0.0,0.0,0.0,39.1,0.0,60.9,0.0,100.0,0.0,20260814 0110
2026-08-14T04:17:08.996837+09:00,고속터미널역,고속터미널역,POI017,KEY_2,한산한,5,20000,30000,71.4,28.6,9.5,23.8,0.0,47.6,19.0,0.0,100.0,0.0,20260814 0340
2026-08-14T04:17:08.996837+09:00,교대역,교대역,POI018,KEY_3,한산한,4,30000,40000,100.0,0.0,0.0,44.4,55.6,0.0,0.0,0.0,100.0,0.0,20260814 0200
2026-08-14T04:17:08.996837+09:00,구로디지털단지역,구로디지털단지역,POI019,KEY_4,한산한,4,20000,30000,78.6,21.4,0.0,0.0,100.0,0.0,0.0,0.0,100.0,0.0,20260814 0350
2026-08-14T04:17:08.996837+09:00,구로역,구로역,POI020,KEY_1,한산한,5,30000,40000,50.0,50.0,0.0,12.5,25.0,0.0,25.0,37.5,100.0,0.0,20260813 2320
2026-08-14T04:17:08.996837+09:00,군자역,군자역,POI021,KEY_2,한산한,5,40000,50000,68.9,31.1,0.0,0.0,44.4,20.0,35.6,0.0,100.0,0.0,20260814 0140
2026-08-14T04:17:08.996837+09:00,대림역,대림역,POI023,KEY_3,한산한,4,20000,30000,76.0,24.0,0.0,48.0,36.0,16.0,0.0,0.0,100.0,0.0,20260814 0210
2026-08-14T04:17:08.996837+09:00,동대문역,동대문역,POI024,KEY_4,한산한,4,0,10000,100.0,0.0,20.0,60.0,0.0,0.0,20.0,0.0,100.0,0.0,20260813 2350
2026-08-14T04:17:08.996837+09:00,뚝섬역,뚝섬역,POI025,KEY_1,한산한,4,20000,30000,100.0,0.0,0.0,25.0,0.0,50.0,0.0,25.0,100.0,0.0,20260814 0130
2026-08-14T04:17:08.996837+09:00,미아사거리역,미아사거리역,POI026,KEY_2,한산한,4,60000,70000,3.8,96.2,0.0,11.3,0.0,0.0,88.7,0.0,90.0,10.0,20260814 0300
2026-08-14T04:17:08.996837+09:00,발산역,발산역,POI027,KEY_3,한산한,7,30000,40000,82.4,17.6,0.0,17.6,32.4,44.1,0.0,5.9,100.0,0.0,20260814 0310
2026-08-14T04:17:08.996837+09:00,사당역,사당역,POI029,KEY_4,한산한,6,20000,30000,87.5,12.5,4.2,0.0,0.0,16.7,79.2,0.0,100.0,0.0,20260814 0400
2026-08-14T04:17:08.996837+09:00,서울대입구역,서울대입구역,POI031,KEY_2,한산한,4,30000,40000,100.0,0.0,0.0,0.0,34.3,65.7,0.0,0.0,100.0,0.0,20260814 0330
2026-08-14T04:17:08.996837+09:00,서울식물원·마곡나루역,서울식물원·마곡나루역,POI032,KEY_3,한산한,5,40000,50000,100.0,0.0,8.3,0.0,33.3,0.0,58.3,0.0,100.0,0.0,20260814 0150
2026-08-14T04:17:08.996837+09:00,서울역,서울역,POI033,KEY_4,한산한,4,30000,40000,36.6,63.4,0.0,0.0,29.8,63.4,6.7,0.0,100.0,0.0,20260813 2330
2026-08-14T04:17:08.996837+09:00,선릉역,선릉역,POI034,KEY_1,한산한,5,40000,50000,85.4,14.6,0.0,24.4,0.0,43.9,31.7,0.0,100.0,0.0,20260814 0350
2026-08-14T04:17:08.996837+09:00,성신여대입구역,성신여대입구역,POI035,KEY_2,한산한,5,20000,30000,48.3,51.7,0.0,13.8,86.2,0.0,0.0,0.0,100.0,0.0,20260814 0240
2026-08-14T04:17:08.996837+09:00,수유역,수유역,POI036,KEY_3,한산한,4,30000,40000,71.9,28.1,0.0,37.5,6.3,28.1,28.1,0.0,100.0,0.0,20260814 0340
2026-08-14T04:17:08.996837+09:00,신논현역·논현역,신논현역·논현역,POI037,KEY_2,한산한,4,20000,30000,73.1,26.9,0.0,0.0,26.9,65.4,0.0,7.7,100.0,0.0,20260814 0250
2026-08-14T04:17:08.996837+09:00,신도림역,신도림역,POI038,KEY_3,한산한,4,0,10000,82.4,17.6,0.0,5.9,0.0,11.8,58.8,23.5,100.0,0.0,20260813 2220
2026-08-14T04:17:08.996837+09:00,신림역,신림역,POI039,KEY_4,한산한,8,30000,40000,86.5,13.5,0.0,45.9,29.7,0.0,24.3,0.0,100.0,0.0,20260814 0400
2026-08-14T04:17:08.996837+09:00,신정네거리역,신정네거리역,POI117,KEY_1,한산한,4,30000,40000,100.0,0.0,0.0,0.0,43.8,56.3,0.0,0.0,100.0,0.0,20260814 0120
2026-08-14T04:17:08.996837+09:00,신촌·이대역,신촌·이대역,POI040,KEY_2,한산한,10,60000,70000,49.2,50.8,6.6,16.4,45.9,0.0,31.1,0.0,100.0,0.0,20260814 0350
2026-08-14T04:17:08.996837+09:00,쌍문역,쌍문역,POI070,KEY_3,한산한,4,30000,40000,57.1,42.9,42.9,11.4,45.7,0.0,0.0,0.0,100.0,0.0,20260814 0050
2026-08-14T04:17:08.996837+09:00,양재역,양재역,POI041,KEY_4,한산한,5,20000,30000,78.6,21.4,7.1,14.3,0.0,78.6,0.0,0.0,100.0,0.0,20260814 0040
2026-08-14T04:17:08.996837+09:00,역삼역,역삼역,POI042,KEY_1,한산한,5,50000,60000,38.5,61.5,0.0,0.0,0.0,92.3,0.0,7.7,100.0,0.0,20260814 0400
2026-08-14T04:17:08.996837+09:00,연신내역,연신내역,POI043,KEY_2,한산한,5,30000,40000,48.4,51.6,0.0,22.6,29.0,0.0,22.6,25.8,100.0,0.0,20260814 0300
2026-08-14T04:17:08.996837+09:00,오목교역·목동운동장,오목교역·목동운동장,POI044,KEY_3,한산한,4,20000,30000,0.0,100.0,0.0,0.0,26.9,46.2,26.9,0.0,100.0,0.0,20260814 0130
2026-08-14T04:17:08.996837+09:00,왕십리역,왕십리역,POI045,KEY_4,한산한,4,20000,30000,88.9,11.1,0.0,92.6,0.0,0.0,0.0,7.4,100.0,0.0,20260814 0400
2026-08-14T04:17:08.996837+09:00,용산역,용산역,POI046,KEY_1,한산한,4,30000,40000,100.0,0.0,0.0,33.3,66.7,0.0,0.0,0.0,100.0,0.0,20260814 0220
2026-08-14T04:17:08.996837+09:00,이태원역,이태원역,POI047,KEY_2,보통,6,200000,250000,76.1,23.9,0.0,69.9,30.1,0.0,0.0,0.0,94.6,5.4,20260814 0400
2026-08-14T04:17:08.996837+09:00,잠실새내역,잠실새내역,POI118,KEY_3,한산한,6,50000,60000,57.4,42.6,0.0,20.4,29.6,0.0,46.3,3.7,100.0,0.0,20260814 0400
2026-08-14T04:17:08.996837+09:00,잠실역,잠실역,POI119,KEY_4,한산한,6,20000,30000,48.3,51.7,0.0,13.8,27.6,58.6,0.0,0.0,100.0,0.0,20260814 0000
2026-08-14T04:17:08.996837+09:00,장지역,장지역,POI048,KEY_1,한산한,4,30000,40000,73.5,26.5,0.0,76.5,0.0,23.5,0.0,0.0,100.0,0.0,20260814 0350
2026-08-14T04:17:08.996837+09:00,장한평역,장한평역,POI049,KEY_2,한산한,4,30000,40000,100.0,0.0,0.0,0.0,60.0,0.0,13.3,26.7,100.0,0.0,20260814 0310
2026-08-14T04:17:08.996837+09:00,천호역,천호역,POI050,KEY_3,한산한,5,30000,40000,84.8,15.2,0.0,5.4,19.6,15.2,0.0,59.8,100.0,0.0,20260814 0400
2026-08-14T04:17:08.996837+09:00,총신대입구(이수)역,총신대입구(이수)역,POI051,KEY_4,한산한,5,20000,30000,65.3,34.7,0.0,98.0,2.0,0.0,0.0,0.0,100.0,0.0,20260814 0230
2026-08-14T04:17:08.996837+09:00,충정로역,충정로역,POI052,KEY_1,한산한,9,60000,70000,78.5,21.5,0.0,0.0,38.5,46.2,12.3,3.1,100.0,0.0,20260813 2330
2026-08-14T04:17:08.996837+09:00,합정역,합정역,POI053,KEY_2,한산한,4,10000,20000,100.0,0.0,0.0,33.3,26.7,0.0,0.0,40.0,100.0,0.0,20260814 0350
2026-08-14T04:17:08.996837+09:00,혜화역,혜화역,POI054,KEY_3,한산한,4,10000,20000,76.9,23.1,0.0,38.5,46.2,0.0,15.4,0.0,100.0,0.0,20260814 0200
2026-08-14T04:17:08.996837+09:00,홍대입구역(2호선),홍대입구역(2호선),POI055,KEY_4,한산한,4,20000,30000,100.0,0.0,0.0,76.0,8.0,0.0,16.0,0.0,100.0,0.0,20260814 0110
2026-08-14T04:17:08.996837+09:00,회기역,회기역,POI056,KEY_1,한산한,4,20000,30000,36.0,64.0,0.0,64.0,36.0,0.0,0.0,0.0,100.0,0.0,20260814 0310
2026-08-14T05:56:46.265950+09:00,광화문·덕수궁,광화문·덕수궁,POI009,KEY_2,한산한,7,90000,100000,42.3,57.7,0.0,57.7,17.9,10.3,14.1,0.0,81.9,18.1,20260814 0220
2026-08-14T05:56:46.265950+09:00,보신각,보신각,POI010,KEY_3,한산한,4,40000,50000,95.7,4.3,0.0,0.0,2.1,97.9,0.0,0.0,100.0,0.0,20260814 0530
2026-08-14T05:56:46.265950+09:00,강남 MICE 관광특구,강남 MICE 관광특구,POI001,KEY_2,한산한,4,20000,30000,44.4,55.6,0.0,0.0,55.6,44.4,0.0,0.0,100.0,0.0,20260814 0000
2026-08-14T05:56:46.265950+09:00,동대문 관광특구,동대문 관광특구,POI002,KEY_3,한산한,5,30000,40000,100.0,0.0,0.0,0.0,12.5,37.5,31.3,18.8,100.0,0.0,20260814 0540
2026-08-14T05:56:46.265950+09:00,명동 관광특구,명동 관광특구,POI003,KEY_4,한산한,4,20000,30000,100.0,0.0,0.0,0.0,29.2,29.2,41.7,0.0,100.0,0.0,20260814 0540
2026-08-14T05:56:46.265950+09:00,이태원 관광특구,이태원 관광특구,POI004,KEY_1,한산한,6,30000,40000,100.0,0.0,0.0,16.1,25.8,45.2,0.0,12.9,100.0,0.0,20260814 0450
2026-08-14T05:56:46.265950+09:00,잠실 관광특구,잠실 관광특구,POI005,KEY_2,한산한,6,40000,50000,82.1,17.9,0.0,0.0,56.4,5.1,0.0,38.5,83.0,17.0,20260814 0520
2026-08-14T05:56:46.265950+09:00,종로·청계 관광특구,종로·청계 관광특구,POI006,KEY_3,한산한,10,40000,50000,89.1,10.9,0.0,0.0,0.0,34.8,30.4,34.8,100.0,0.0,20260814 0530
2026-08-14T05:56:46.265950+09:00,홍대 관광특구,홍대 관광특구,POI007,KEY_4,한산한,23,500000,550000,30.0,70.0,1.6,72.2,22.7,2.4,0.8,0.2,99.0,1.0,20260814 0540
2026-08-14T05:56:46.265950+09:00,가락시장,가락시장,POI058,KEY_2,한산한,5,300000,350000,38.9,61.1,0.0,0.0,29.3,6.0,3.6,61.1,100.0,0.0,20260814 0530
2026-08-14T05:56:46.265950+09:00,가로수길,가로수길,POI059,KEY_3,한산한,4,20000,30000,42.3,57.7,0.0,15.4,0.0,84.6,0.0,0.0,100.0,0.0,20260814 0510
2026-08-14T05:56:46.265950+09:00,광장(전통)시장,광장(전통)시장,POI060,KEY_4,한산한,4,10000,20000,58.3,41.7,0.0,25.0,50.0,25.0,0.0,0.0,100.0,0.0,20260813 2320
2026-08-14T05:56:46.265950+09:00,김포공항,김포공항,POI061,KEY_1,한산한,4,10000,20000,71.4,28.6,0.0,7.1,14.3,50.0,28.6,0.0,100.0,0.0,20260813 2250
2026-08-14T05:56:46.265950+09:00,남대문시장,남대문시장,POI115,KEY_2,한산한,4,10000,20000,100.0,0.0,0.0,29.4,17.6,0.0,17.6,35.3,100.0,0.0,20260814 0110
2026-08-14T05:56:46.265950+09:00,노량진,노량진,POI063,KEY_3,한산한,6,30000,40000,91.4,8.6,0.0,17.1,51.4,0.0,31.4,0.0,100.0,0.0,20260814 0540
2026-08-14T05:56:46.265950+09:00,덕수궁길·정동길,덕수궁길·정동길,POI064,KEY_4,한산한,8,90000,100000,87.5,12.5,0.0,7.3,20.8,26.0,3.1,42.7,100.0,0.0,20260813 2150
2026-08-14T05:56:46.265950+09:00,북창동 먹자골목,북창동 먹자골목,POI114,KEY_1,한산한,4,50000,60000,56.9,43.1,0.0,54.9,5.9,39.2,0.0,0.0,100.0,0.0,20260813 2330
2026-08-14T05:56:46.265950+09:00,북촌한옥마을,북촌한옥마을,POI066,KEY_2,한산한,4,70000,80000,88.0,12.0,0.0,73.3,0.0,14.7,0.0,12.0,100.0,0.0,20260814 0320
2026-08-14T05:56:46.265950+09:00,서촌,서촌,POI067,KEY_3,한산한,6,50000,60000,50.0,50.0,0.0,33.3,0.0,47.6,19.0,0.0,82.0,18.0,20260813 2340
2026-08-14T05:56:46.265950+09:00,성수카페거리,성수카페거리,POI068,KEY_4,한산한,4,20000,30000,100.0,0.0,0.0,3.7,81.5,14.8,0.0,0.0,100.0,0.0,20260814 0110
2026-08-14T05:56:46.265950+09:00,송리단길·호수단길,송리단길·호수단길,POI121,KEY_1,한산한,4,30000,40000,100.0,0.0,0.0,0.0,0.0,88.6,0.0,11.4,100.0,0.0,20260814 0240
2026-08-14T05:56:46.265950+09:00,신촌 스타광장,신촌 스타광장,POI122,KEY_2,한산한,4,0,10000,40.0,60.0,0.0,0.0,0.0,60.0,40.0,0.0,100.0,0.0,20260814 0200
2026-08-14T05:56:46.265950+09:00,압구정로데오거리,압구정로데오거리,POI071,KEY_3,한산한,5,20000,30000,100.0,0.0,0.0,45.5,18.2,0.0,36.4,0.0,100.0,0.0,20260814 0310
2026-08-14T05:56:46.265950+09:00,여의도,여의도,POI072,KEY_4,한산한,9,30000,40000,66.7,33.3,0.0,27.3,0.0,24.2,18.2,30.3,100.0,0.0,20260814 0540
2026-08-14T05:56:46.265950+09:00,연남동,연남동,POI073,KEY_1,한산한,4,40000,50000,93.2,6.8,0.0,6.8,93.2,0.0,0.0,0.0,100.0,0.0,20260814 0350
2026-08-14T05:56:46.265950+09:00,영등포 타임스퀘어,영등포 타임스퀘어,POI074,KEY_2,한산한,4,20000,30000,72.7,27.3,0.0,0.0,0.0,0.0,63.6,36.4,100.0,0.0,20260814 0540
2026-08-14T05:56:46.265950+09:00,용리단길,용리단길,POI076,KEY_3,한산한,4,250000,300000,72.1,27.9,0.0,27.9,62.1,0.0,0.0,10.1,100.0,0.0,20260814 0230
2026-08-14T05:56:46.265950+09:00,이태원 앤틱가구거리,이태원 앤틱가구거리,POI077,KEY_4,한산한,5,100000,150000,100.0,0.0,0.0,63.6,36.4,0.0,0.0,0.0,100.0,0.0,20260814 0310
2026-08-14T05:56:46.265950+09:00,익선동,익선동,POI116,KEY_1,한산한,5,250000,300000,100.0,0.0,0.0,0.0,100.0,0.0,0.0,0.0,100.0,0.0,20260814 0210
2026-08-14T05:56:46.265950+09:00,인사동,인사동,POI078,KEY_2,한산한,5,30000,40000,0.0,100.0,0.0,100.0,0.0,0.0,0.0,0.0,100.0,0.0,20260814 0100
2026-08-14T05:56:46.265950+09:00,잠실롯데타워·석촌호수,잠실롯데타워·석촌호수,POI120,KEY_3,한산한,6,40000,50000,82.1,17.9,0.0,0.0,56.4,5.1,0.0,38.5,83.0,17.0,20260814 0520
2026-08-14T05:56:46.265950+09:00,창동 신경제 중심지,창동 신경제 중심지,POI079,KEY_4,한산한,6,30000,40000,100.0,0.0,0.0,0.0,58.6,0.0,27.6,13.8,100.0,0.0,20260814 0530
2026-08-14T05:56:46.265950+09:00,청담동 명품거리,청담동 명품거리,POI080,KEY_1,한산한,4,10000,20000,62.5,37.5,0.0,37.5,62.5,0.0,0.0,0.0,100.0,0.0,20260814 0200
2026-08-14T05:56:46.265950+09:00,청량리 제기동 일대 전통시장,청량리 제기동 일대 전통시장,POI081,KEY_2,한산한,4,10000,20000,100.0,0.0,0.0,26.7,33.3,0.0,13.3,26.7,100.0,0.0,20260814 0450
2026-08-14T05:56:46.265950+09:00,해방촌·경리단길,해방촌·경리단길,POI082,KEY_3,한산한,4,30000,40000,100.0,0.0,0.0,0.0,52.8,0.0,47.2,0.0,100.0,0.0,20260814 0540
2026-08-14T05:56:46.265950+09:00,DDP(동대문디자인플라자),DDP(동대문디자인플라자),POI083,KEY_4,한산한,4,60000,70000,50.0,50.0,0.0,43.3,3.3,6.7,46.7,0.0,100.0,0.0,20260813 2120
2026-08-14T05:56:46.265950+09:00,DMC(디지털미디어시티),DMC(디지털미디어시티),POI084,KEY_1,한산한,4,10000,20000,100.0,0.0,0.0,0.0,38.5,0.0,46.2,15.4,100.0,0.0,20260814 0520
2026-08-14T05:56:46.265950+09:00,가산디지털단지역,가산디지털단지역,POI013,KEY_2,한산한,4,20000,30000,85.7,14.3,0.0,33.3,19.0,47.6,0.0,0.0,100.0,0.0,20260814 0540
2026-08-14T05:56:46.265950+09:00,강남역,강남역,POI014,KEY_3,한산한,5,500000,550000,64.1,35.9,0.0,68.8,31.2,0.0,0.0,0.0,100.0,0.0,20260814 0540
2026-08-14T05:56:46.265950+09:00,건대입구역,건대입구역,POI015,KEY_4,한산한,5,30000,40000,65.7,34.3,0.0,11.4,60.0,0.0,0.0,28.6,100.0,0.0,20260814 0530
2026-08-14T05:56:46.265950+09:00,고덕역,고덕역,POI016,KEY_1,한산한,4,20000,30000,100.0,0.0,0.0,0.0,39.1,0.0,60.9,0.0,100.0,0.0,20260814 0110
2026-08-14T05:56:46.265950+09:00,고속터미널역,고속터미널역,POI017,KEY_2,한산한,4,20000,30000,72.0,28.0,0.0,0.0,100.0,0.0,0.0,0.0,100.0,0.0,20260814 0430
2026-08-14T05:56:46.265950+09:00,교대역,교대역,POI018,KEY_3,한산한,4,10000,20000,26.3,73.7,0.0,31.6,0.0,0.0,47.4,21.1,100.0,0.0,20260814 0500
2026-08-14T05:56:46.265950+09:00,구로디지털단지역,구로디지털단지역,POI019,KEY_4,한산한,5,30000,40000,78.1,21.9,0.0,21.9,18.8,0.0,0.0,59.4,100.0,0.0,20260814 0540
2026-08-14T05:56:46.265950+09:00,구로역,구로역,POI020,KEY_1,한산한,5,30000,40000,50.0,50.0,0.0,12.5,25.0,0.0,25.0,37.5,100.0,0.0,20260813 2320
2026-08-14T05:56:46.265950+09:00,군자역,군자역,POI021,KEY_2,한산한,5,30000,40000,100.0,0.0,0.0,0.0,38.5,25.6,0.0,35.9,100.0,0.0,20260814 0540
2026-08-14T05:56:46.265950+09:00,대림역,대림역,POI023,KEY_3,한산한,4,20000,30000,13.6,86.4,0.0,9.1,13.6,0.0,77.3,0.0,100.0,0.0,20260814 0540
2026-08-14T05:56:46.265950+09:00,동대문역,동대문역,POI024,KEY_4,한산한,4,0,10000,100.0,0.0,20.0,60.0,0.0,0.0,20.0,0.0,100.0,0.0,20260813 2350
2026-08-14T05:56:46.265950+09:00,뚝섬역,뚝섬역,POI025,KEY_1,한산한,4,20000,30000,100.0,0.0,0.0,25.0,0.0,50.0,0.0,25.0,100.0,0.0,20260814 0130
2026-08-14T05:56:46.265950+09:00,미아사거리역,미아사거리역,POI026,KEY_2,한산한,4,60000,70000,3.8,96.2,0.0,11.3,0.0,0.0,88.7,0.0,90.0,10.0,20260814 0300
2026-08-14T05:56:46.265950+09:00,발산역,발산역,POI027,KEY_3,한산한,7,30000,40000,40.0,60.0,0.0,70.0,0.0,0.0,0.0,30.0,100.0,0.0,20260814 0310
2026-08-14T05:56:46.265950+09:00,사당역,사당역,POI029,KEY_4,한산한,5,30000,40000,87.1,12.9,0.0,12.9,16.1,0.0,12.9,58.1,100.0,0.0,20260814 0540
2026-08-14T05:56:46.265950+09:00,서울대입구역,서울대입구역,POI031,KEY_2,한산한,5,30000,40000,86.7,13.3,0.0,13.3,0.0,66.7,20.0,0.0,100.0,0.0,20260814 0440
2026-08-14T05:56:46.265950+09:00,서울식물원·마곡나루역,서울식물원·마곡나루역,POI032,KEY_3,한산한,5,40000,50000,100.0,0.0,8.3,0.0,33.3,0.0,58.3,0.0,100.0,0.0,20260814 0150
2026-08-14T05:56:46.265950+09:00,서울역,서울역,POI033,KEY_4,한산한,4,30000,40000,36.6,63.4,0.0,0.0,29.8,63.4,6.7,0.0,100.0,0.0,20260813 2330
2026-08-14T05:56:46.265950+09:00,선릉역,선릉역,POI034,KEY_1,한산한,5,40000,50000,80.5,19.5,0.0,0.0,9.8,19.5,70.7,0.0,100.0,0.0,20260814 0540
2026-08-14T05:56:46.265950+09:00,성신여대입구역,성신여대입구역,POI035,KEY_2,한산한,4,10000,20000,50.0,50.0,0.0,50.0,33.3,16.7,0.0,0.0,100.0,0.0,20260814 0440
2026-08-14T05:56:46.265950+09:00,수유역,수유역,POI036,KEY_3,한산한,5,40000,50000,70.7,29.3,0.0,0.0,43.9,39.0,7.3,9.8,100.0,0.0,20260814 0540
2026-08-14T05:56:46.265950+09:00,신논현역·논현역,신논현역·논현역,POI037,KEY_2,한산한,4,20000,30000,60.0,40.0,0.0,0.0,0.0,80.0,0.0,20.0,100.0,0.0,20260814 0450
2026-08-14T05:56:46.265950+09:00,신도림역,신도림역,POI038,KEY_3,한산한,4,0,10000,82.4,17.6,0.0,5.9,0.0,11.8,58.8,23.5,100.0,0.0,20260813 2220
2026-08-14T05:56:46.265950+09:00,신림역,신림역,POI039,KEY_4,한산한,7,20000,30000,67.9,32.1,0.0,0.0,53.6,0.0,35.7,10.7,100.0,0.0,20260814 0540
2026-08-14T05:56:46.265950+09:00,신정네거리역,신정네거리역,POI117,KEY_1,한산한,4,30000,40000,100.0,0.0,0.0,0.0,43.8,56.3,0.0,0.0,100.0,0.0,20260814 0120
2026-08-14T05:56:46.265950+09:00,신촌·이대역,신촌·이대역,POI040,KEY_2,한산한,4,20000,30000,87.5,12.5,0.0,12.5,0.0,45.8,41.7,0.0,100.0,0.0,20260814 0530
2026-08-14T05:56:46.265950+09:00,쌍문역,쌍문역,POI070,KEY_3,한산한,4,30000,40000,57.1,42.9,42.9,11.4,45.7,0.0,0.0,0.0,100.0,0.0,20260814 0050
2026-08-14T05:56:46.265950+09:00,양재역,양재역,POI041,KEY_4,한산한,5,20000,30000,78.6,21.4,7.1,14.3,0.0,78.6,0.0,0.0,100.0,0.0,20260814 0040
2026-08-14T05:56:46.265950+09:00,역삼역,역삼역,POI042,KEY_1,한산한,6,70000,80000,94.4,5.6,0.0,5.6,5.6,70.8,1.4,16.7,100.0,0.0,20260814 0540
2026-08-14T05:56:46.265950+09:00,연신내역,연신내역,POI043,KEY_2,한산한,4,20000,30000,100.0,0.0,31.0,0.0,41.4,27.6,0.0,0.0,100.0,0.0,20260814 0530
2026-08-14T05:56:46.265950+09:00,오목교역·목동운동장,오목교역·목동운동장,POI044,KEY_3,한산한,4,20000,30000,0.0,100.0,0.0,0.0,26.9,46.2,26.9,0.0,100.0,0.0,20260814 0130
2026-08-14T05:56:46.265950+09:00,왕십리역,왕십리역,POI045,KEY_4,한산한,5,20000,30000,66.7,33.3,33.3,66.7,0.0,0.0,0.0,0.0,100.0,0.0,20260814 0540
2026-08-14T05:56:46.265950+09:00,용산역,용산역,POI046,KEY_1,한산한,4,30000,40000,100.0,0.0,0.0,33.3,66.7,0.0,0.0,0.0,100.0,0.0,20260814 0220
2026-08-14T05:56:46.265950+09:00,이태원역,이태원역,POI047,KEY_2,한산한,6,30000,40000,100.0,0.0,0.0,16.1,25.8,45.2,0.0,12.9,100.0,0.0,20260814 0450
2026-08-14T05:56:46.265950+09:00,잠실새내역,잠실새내역,POI118,KEY_3,한산한,4,20000,30000,60.0,40.0,0.0,0.0,60.0,0.0,40.0,0.0,100.0,0.0,20260814 0430
2026-08-14T05:56:46.265950+09:00,잠실역,잠실역,POI119,KEY_4,한산한,6,20000,30000,48.3,51.7,0.0,13.8,27.6,58.6,0.0,0.0,100.0,0.0,20260814 0000
2026-08-14T05:56:46.265950+09:00,장지역,장지역,POI048,KEY_1,한산한,4,30000,40000,73.5,26.5,0.0,76.5,0.0,23.5,0.0,0.0,100.0,0.0,20260814 0350
2026-08-14T05:56:46.265950+09:00,장한평역,장한평역,POI049,KEY_2,한산한,4,10000,20000,76.5,23.5,0.0,47.1,17.6,0.0,0.0,35.3,100.0,0.0,20260814 0540
2026-08-14T05:56:46.265950+09:00,천호역,천호역,POI050,KEY_3,한산한,6,20000,30000,82.1,17.9,0.0,17.9,14.3,39.3,0.0,28.6,100.0,0.0,20260814 0540
2026-08-14T05:56:46.265950+09:00,총신대입구(이수)역,총신대입구(이수)역,POI051,KEY_4,한산한,4,10000,20000,62.5,37.5,0.0,0.0,0.0,0.0,37.5,62.5,100.0,0.0,20260814 0540
2026-08-14T05:56:46.265950+09:00,충정로역,충정로역,POI052,KEY_1,한산한,9,60000,70000,78.5,21.5,0.0,0.0,38.5,46.2,12.3,3.1,100.0,0.0,20260813 2330
2026-08-14T05:56:46.265950+09:00,합정역,합정역,POI053,KEY_2,한산한,4,10000,20000,100.0,0.0,0.0,33.3,26.7,0.0,0.0,40.0,100.0,0.0,20260814 0350
2026-08-14T05:56:46.265950+09:00,혜화역,혜화역,POI054,KEY_3,한산한,4,10000,20000,76.9,23.1,0.0,38.5,46.2,0.0,15.4,0.0,100.0,0.0,20260814 0200
2026-08-14T05:56:46.265950+09:00,홍대입구역(2호선),홍대입구역(2호선),POI055,KEY_4,한산한,4,20000,30000,100.0,0.0,0.0,76.0,8.0,0.0,16.0,0.0,100.0,0.0,20260814 0110
2026-08-14T05:56:46.265950+09:00,회기역,회기역,POI056,KEY_1,한산한,4,20000,30000,36.0,64.0,0.0,64.0,36.0,0.0,0.0,0.0,100.0,0.0,20260814 0310
2026-08-14T06:58:03.119992+09:00,광화문·덕수궁,광화문·덕수궁,POI009,KEY_2,한산한,18,80000,90000,57.3,42.7,0.0,9.8,36.6,14.6,36.6,2.4,92.0,8.0,20260814 0640
2026-08-14T06:58:03.119992+09:00,보신각,보신각,POI010,KEY_3,한산한,4,20000,30000,100.0,0.0,0.0,19.2,7.7,19.2,53.8,0.0,100.0,0.0,20260814 0640
2026-08-14T06:58:03.119992+09:00,강남 MICE 관광특구,강남 MICE 관광특구,POI001,KEY_2,한산한,5,20000,30000,100.0,0.0,0.0,0.0,19.0,0.0,57.1,23.8,100.0,0.0,20260814 0640
2026-08-14T06:58:03.119992+09:00,동대문 관광특구,동대문 관광특구,POI002,KEY_3,한산한,9,30000,40000,37.5,62.5,0.0,0.0,46.9,0.0,21.9,31.3,86.5,13.5,20260814 0640
2026-08-14T06:58:03.119992+09:00,명동 관광특구,명동 관광특구,POI003,KEY_4,한산한,62,500000,550000,61.7,38.3,0.0,5.2,39.5,23.6,14.7,17.0,81.4,18.6,20260814 0640
2026-08-14T06:58:03.119992+09:00,이태원 관광특구,이태원 관광특구,POI004,KEY_1,한산한,6,50000,60000,90.0,10.0,0.0,0.0,16.7,16.7,0.0,66.7,55.6,44.4,20260814 0640
2026-08-14T06:58:03.119992+09:00,잠실 관광특구,잠실 관광특구,POI005,KEY_2,한산한,12,80000,90000,70.0,30.0,0.0,0.0,35.0,41.3,20.0,3.8,90.8,9.2,20260814 0640
2026-08-14T06:58:03.119992+09:00,종로·청계 관광특구,종로·청계 관광특구,POI006,KEY_3,한산한,11,150000,200000,100.0,0.0,0.0,0.0,41.6,12.0,2.4,44.0,100.0,0.0,20260814 0640
2026-08-14T06:58:03.119992+09:00,홍대 관광특구,홍대 관광특구,POI007,KEY_4,한산한,17,100000,150000,94.2,5.8,7.4,16.5,14.9,17.4,14.9,28.9,100.0,0.0,20260814 0640
2026-08-14T06:58:03.119992+09:00,가락시장,가락시장,POI058,KEY_2,바쁜,12,600000,650000,89.5,10.5,0.0,0.0,84.2,0.0,0.0,15.8,17.4,82.6,20260814 0620
2026-08-14T06:58:03.119992+09:00,가로수길,가로수길,POI059,KEY_3,한산한,9,50000,60000,21.1,78.9,0.0,0.0,5.3,28.9,0.0,65.8,69.1,30.9,20260814 0640
2026-08-14T06:58:03.119992+09:00,광장(전통)시장,광장(전통)시장,POI060,KEY_4,한산한,4,10000,20000,58.3,41.7,0.0,25.0,50.0,25.0,0.0,0.0,100.0,0.0,20260813 2320
2026-08-14T06:58:03.119992+09:00,김포공항,김포공항,POI061,KEY_1,한산한,4,20000,30000,37.9,62.1,0.0,0.0,27.6,24.1,48.3,0.0,100.0,0.0,20260814 0640
2026-08-14T06:58:03.119992+09:00,남대문시장,남대문시장,POI115,KEY_2,한산한,5,10000,20000,77.8,22.2,0.0,0.0,0.0,22.2,22.2,55.6,100.0,0.0,20260814 0640
2026-08-14T06:58:03.119992+09:00,노량진,노량진,POI063,KEY_3,한산한,4,20000,30000,71.4,28.6,0.0,28.6,71.4,0.0,0.0,0.0,56.0,44.0,20260814 0640
2026-08-14T06:58:03.119992+09:00,덕수궁길·정동길,덕수궁길·정동길,POI064,KEY_4,한산한,8,90000,100000,87.5,12.5,0.0,7.3,20.8,26.0,3.1,42.7,100.0,0.0,20260813 2150
2026-08-14T06:58:03.119992+09:00,북창동 먹자골목,북창동 먹자골목,POI114,KEY_1,한산한,6,10000,20000,55.6,44.4,0.0,11.1,0.0,33.3,22.2,33.3,100.0,0.0,20260814 0640
2026-08-14T06:58:03.119992+09:00,북촌한옥마을,북촌한옥마을,POI066,KEY_2,한산한,4,10000,20000,45.5,54.5,0.0,0.0,63.6,27.3,0.0,9.1,100.0,0.0,20260814 0630
2026-08-14T06:58:03.119992+09:00,서촌,서촌,POI067,KEY_3,한산한,6,50000,60000,50.0,50.0,0.0,33.3,0.0,47.6,19.0,0.0,82.0,18.0,20260813 2340
2026-08-14T06:58:03.119992+09:00,성수카페거리,성수카페거리,POI068,KEY_4,한산한,8,30000,40000,87.0,13.0,0.0,0.0,8.7,17.4,43.5,30.4,77.4,22.6,20260814 0640
2026-08-14T06:58:03.119992+09:00,송리단길·호수단길,송리단길·호수단길,POI121,KEY_1,한산한,5,20000,30000,69.6,30.4,17.4,0.0,21.7,34.8,13.0,13.0,100.0,0.0,20260814 0630
2026-08-14T06:58:03.119992+09:00,신촌 스타광장,신촌 스타광장,POI122,KEY_2,한산한,4,0,10000,40.0,60.0,0.0,0.0,0.0,60.0,40.0,0.0,100.0,0.0,20260814 0200
2026-08-14T06:58:03.119992+09:00,압구정로데오거리,압구정로데오거리,POI071,KEY_3,한산한,5,20000,30000,39.1,60.9,0.0,0.0,60.9,13.0,26.1,0.0,84.6,15.4,20260814 0640
2026-08-14T06:58:03.119992+09:00,여의도,여의도,POI072,KEY_4,한산한,31,150000,200000,78.0,22.0,0.0,5.3,34.7,18.0,26.7,15.3,85.2,14.8,20260814 0640
2026-08-14T06:58:03.119992+09:00,연남동,연남동,POI073,KEY_1,한산한,4,30000,40000,71.4,28.6,0.0,28.6,14.3,0.0,28.6,28.6,100.0,0.0,20260814 0630
2026-08-14T06:58:03.119992+09:00,영등포 타임스퀘어,영등포 타임스퀘어,POI074,KEY_2,한산한,10,40000,50000,83.8,16.2,0.0,18.9,67.6,5.4,8.1,0.0,82.6,17.4,20260814 0640
2026-08-14T06:58:03.119992+09:00,용리단길,용리단길,POI076,KEY_3,한산한,4,250000,300000,72.1,27.9,0.0,27.9,62.1,0.0,0.0,10.1,100.0,0.0,20260814 0230
2026-08-14T06:58:03.119992+09:00,이태원 앤틱가구거리,이태원 앤틱가구거리,POI077,KEY_4,한산한,4,20000,30000,88.0,12.0,0.0,0.0,20.0,20.0,0.0,60.0,100.0,0.0,20260814 0640
2026-08-14T06:58:03.119992+09:00,익선동,익선동,POI116,KEY_1,한산한,4,20000,30000,85.7,14.3,0.0,0.0,0.0,0.0,42.9,57.1,100.0,0.0,20260814 0640
2026-08-14T06:58:03.119992+09:00,인사동,인사동,POI078,KEY_2,한산한,8,40000,50000,76.2,23.8,0.0,0.0,19.0,0.0,81.0,0.0,100.0,0.0,20260814 0550
2026-08-14T06:58:03.119992+09:00,잠실롯데타워·석촌호수,잠실롯데타워·석촌호수,POI120,KEY_3,한산한,12,80000,90000,70.0,30.0,0.0,0.0,35.0,41.3,20.0,3.8,90.8,9.2,20260814 0640
2026-08-14T06:58:03.119992+09:00,창동 신경제 중심지,창동 신경제 중심지,POI079,KEY_4,한산한,7,10000,20000,80.0,20.0,0.0,10.0,55.0,20.0,5.0,10.0,100.0,0.0,20260814 0640
2026-08-14T06:58:03.119992+09:00,청담동 명품거리,청담동 명품거리,POI080,KEY_1,한산한,4,10000,20000,62.5,37.5,0.0,37.5,62.5,0.0,0.0,0.0,100.0,0.0,20260814 0200
2026-08-14T06:58:03.119992+09:00,청량리 제기동 일대 전통시장,청량리 제기동 일대 전통시장,POI081,KEY_2,한산한,4,10000,20000,100.0,0.0,0.0,26.7,33.3,0.0,13.3,26.7,100.0,0.0,20260814 0450
2026-08-14T06:58:03.119992+09:00,해방촌·경리단길,해방촌·경리단길,POI082,KEY_3,한산한,4,30000,40000,100.0,0.0,0.0,0.0,52.8,0.0,47.2,0.0,100.0,0.0,20260814 0540
2026-08-14T06:58:03.119992+09:00,DDP(동대문디자인플라자),DDP(동대문디자인플라자),POI083,KEY_4,한산한,4,60000,70000,50.0,50.0,0.0,43.3,3.3,6.7,46.7,0.0,100.0,0.0,20260813 2120
2026-08-14T06:58:03.119992+09:00,DMC(디지털미디어시티),DMC(디지털미디어시티),POI084,KEY_1,한산한,4,60000,70000,81.7,18.3,0.0,3.3,0.0,1.7,18.3,76.7,100.0,0.0,20260814 0640
2026-08-14T06:58:03.119992+09:00,가산디지털단지역,가산디지털단지역,POI013,KEY_2,한산한,10,40000,50000,77.8,22.2,0.0,0.0,40.0,22.2,37.8,0.0,100.0,0.0,20260814 0640
2026-08-14T06:58:03.119992+09:00,강남역,강남역,POI014,KEY_3,한산한,22,100000,150000,91.4,8.6,0.0,19.0,25.7,18.1,23.8,13.3,100.0,0.0,20260814 0640
2026-08-14T06:58:03.119992+09:00,건대입구역,건대입구역,POI015,KEY_4,한산한,4,20000,30000,72.0,28.0,0.0,8.0,16.0,48.0,28.0,0.0,100.0,0.0,20260814 0640
2026-08-14T06:58:03.119992+09:00,고덕역,고덕역,POI016,KEY_1,한산한,4,20000,30000,100.0,0.0,0.0,0.0,39.1,0.0,60.9,0.0,100.0,0.0,20260814 0110
2026-08-14T06:58:03.119992+09:00,고속터미널역,고속터미널역,POI017,KEY_2,한산한,8,30000,40000,59.4,40.6,0.0,3.1,28.1,9.4,12.5,46.9,100.0,0.0,20260814 0640
2026-08-14T06:58:03.119992+09:00,교대역,교대역,POI018,KEY_3,한산한,6,30000,40000,59.0,41.0,0.0,0.0,33.3,5.1,61.5,0.0,100.0,0.0,20260814 0630
2026-08-14T06:58:03.119992+09:00,구로디지털단지역,구로디지털단지역,POI019,KEY_4,한산한,4,20000,30000,64.0,36.0,0.0,36.0,0.0,28.0,0.0,36.0,100.0,0.0,20260814 0640
2026-08-14T06:58:03.119992+09:00,구로역,구로역,POI020,KEY_1,한산한,5,30000,40000,50.0,50.0,0.0,12.5,25.0,0.0,25.0,37.5,100.0,0.0,20260813 2320
2026-08-14T06:58:03.119992+09:00,군자역,군자역,POI021,KEY_2,한산한,4,20000,30000,32.0,68.0,0.0,24.0,36.0,0.0,40.0,0.0,100.0,0.0,20260814 0630
2026-08-14T06:58:03.119992+09:00,대림역,대림역,POI023,KEY_3,한산한,4,20000,30000,100.0,0.0,0.0,0.0,33.3,0.0,42.9,23.8,100.0,0.0,20260814 0640
2026-08-14T06:58:03.119992+09:00,동대문역,동대문역,POI024,KEY_4,한산한,4,0,10000,100.0,0.0,20.0,60.0,0.0,0.0,20.0,0.0,100.0,0.0,20260813 2350
2026-08-14T06:58:03.119992+09:00,뚝섬역,뚝섬역,POI025,KEY_1,한산한,5,20000,30000,92.9,7.1,0.0,0.0,35.7,10.7,53.6,0.0,100.0,0.0,20260814 0640
2026-08-14T06:58:03.119992+09:00,미아사거리역,미아사거리역,POI026,KEY_2,한산한,5,10000,20000,63.2,36.8,0.0,10.5,57.9,0.0,31.6,0.0,100.0,0.0,20260814 0620
2026-08-14T06:58:03.119992+09:00,발산역,발산역,POI027,KEY_3,한산한,5,100000,150000,94.4,5.6,0.0,4.7,2.8,92.5,0.0,0.0,100.0,0.0,20260814 0640
2026-08-14T06:58:03.119992+09:00,사당역,사당역,POI029,KEY_4,한산한,7,20000,30000,100.0,0.0,0.0,0.0,14.3,19.0,0.0,66.7,100.0,0.0,20260814 0640
2026-08-14T06:58:03.119992+09:00,서울대입구역,서울대입구역,POI031,KEY_2,한산한,8,30000,40000,100.0,0.0,0.0,14.3,48.6,5.7,31.4,0.0,100.0,0.0,20260814 0620
2026-08-14T06:58:03.119992+09:00,서울식물원·마곡나루역,서울식물원·마곡나루역,POI032,KEY_3,한산한,5,40000,50000,100.0,0.0,8.3,0.0,33.3,0.0,58.3,0.0,100.0,0.0,20260814 0150
2026-08-14T06:58:03.119992+09:00,서울역,서울역,POI033,KEY_4,한산한,4,30000,40000,65.0,35.0,0.0,10.0,20.0,0.0,65.0,5.0,100.0,0.0,20260813 2330
2026-08-14T06:58:03.119992+09:00,선릉역,선릉역,POI034,KEY_1,한산한,11,250000,300000,68.2,31.8,0.0,0.0,87.2,4.7,3.1,5.0,97.4,2.6,20260814 0640
2026-08-14T06:58:03.119992+09:00,성신여대입구역,성신여대입구역,POI035,KEY_2,한산한,4,10000,20000,50.0,50.0,0.0,50.0,33.3,16.7,0.0,0.0,100.0,0.0,20260814 0440
2026-08-14T06:58:03.119992+09:00,수유역,수유역,POI036,KEY_3,한산한,5,40000,50000,100.0,0.0,0.0,0.0,0.0,100.0,0.0,0.0,100.0,0.0,20260814 0630
2026-08-14T06:58:03.119992+09:00,신논현역·논현역,신논현역·논현역,POI037,KEY_2,한산한,4,20000,30000,100.0,0.0,0.0,0.0,41.7,0.0,0.0,58.3,54.5,45.5,20260814 0640
2026-08-14T06:58:03.119992+09:00,신도림역,신도림역,POI038,KEY_3,한산한,5,10000,20000,46.7,53.3,0.0,6.7,73.3,20.0,0.0,0.0,100.0,0.0,20260814 0630
2026-08-14T06:58:03.119992+09:00,신림역,신림역,POI039,KEY_4,한산한,6,20000,30000,87.5,12.5,0.0,4.2,37.5,41.7,8.3,8.3,100.0,0.0,20260814 0640
2026-08-14T06:58:03.119992+09:00,신정네거리역,신정네거리역,POI117,KEY_1,한산한,4,20000,30000,100.0,0.0,0.0,0.0,0.0,15.4,84.6,0.0,100.0,0.0,20260814 0630
2026-08-14T06:58:03.119992+09:00,신촌·이대역,신촌·이대역,POI040,KEY_2,한산한,4,20000,30000,43.5,56.5,0.0,0.0,0.0,0.0,100.0,0.0,100.0,0.0,20260814 0640
2026-08-14T06:58:03.119992+09:00,쌍문역,쌍문역,POI070,KEY_3,한산한,4,30000,40000,57.1,42.9,42.9,11.4,45.7,0.0,0.0,0.0,100.0,0.0,20260814 0050
2026-08-14T06:58:03.119992+09:00,양재역,양재역,POI041,KEY_4,한산한,6,40000,50000,100.0,0.0,0.0,0.0,0.0,0.0,34.6,65.4,65.9,34.1,20260814 0630
2026-08-14T06:58:03.119992+09:00,역삼역,역삼역,POI042,KEY_1,한산한,4,10000,20000,41.2,58.8,0.0,23.5,35.3,41.2,0.0,0.0,100.0,0.0,20260814 0640
2026-08-14T06:58:03.119992+09:00,연신내역,연신내역,POI043,KEY_2,한산한,5,30000,40000,29.4,70.6,0.0,0.0,11.8,20.6,17.6,50.0,100.0,0.0,20260814 0630
2026-08-14T06:58:03.119992+09:00,오목교역·목동운동장,오목교역·목동운동장,POI044,KEY_3,한산한,5,30000,40000,93.5,6.5,0.0,0.0,51.6,41.9,6.5,0.0,100.0,0.0,20260814 0640
2026-08-14T06:58:03.119992+09:00,왕십리역,왕십리역,POI045,KEY_4,한산한,7,20000,30000,40.9,59.1,9.1,59.1,0.0,0.0,31.8,0.0,100.0,0.0,20260814 0630
2026-08-14T06:58:03.119992+09:00,용산역,용산역,POI046,KEY_1,한산한,14,80000,90000,64.6,35.4,0.0,13.4,30.5,8.5,18.3,29.3,93.1,6.9,20260814 0640
2026-08-14T06:58:03.119992+09:00,이태원역,이태원역,POI047,KEY_2,한산한,9,30000,40000,100.0,0.0,0.0,0.0,58.8,11.8,0.0,29.4,89.5,10.5,20260814 0630
2026-08-14T06:58:03.119992+09:00,잠실새내역,잠실새내역,POI118,KEY_3,한산한,5,40000,50000,88.6,11.4,0.0,0.0,77.3,0.0,0.0,22.7,100.0,0.0,20260814 0630
2026-08-14T06:58:03.119992+09:00,잠실역,잠실역,POI119,KEY_4,한산한,7,30000,40000,58.3,41.7,0.0,0.0,27.8,19.4,44.4,8.3,100.0,0.0,20260814 0640
2026-08-14T06:58:03.119992+09:00,장지역,장지역,POI048,KEY_1,한산한,4,30000,40000,73.5,26.5,0.0,76.5,0.0,23.5,0.0,0.0,100.0,0.0,20260814 0350
2026-08-14T06:58:03.119992+09:00,장한평역,장한평역,POI049,KEY_2,한산한,7,20000,30000,75.0,25.0,0.0,25.0,0.0,20.8,50.0,4.2,100.0,0.0,20260814 0640
2026-08-14T06:58:03.119992+09:00,천호역,천호역,POI050,KEY_3,한산한,6,40000,50000,82.9,17.1,0.0,26.8,0.0,17.1,56.1,0.0,100.0,0.0,20260814 0640
2026-08-14T06:58:03.119992+09:00,총신대입구(이수)역,총신대입구(이수)역,POI051,KEY_4,한산한,7,20000,30000,91.3,8.7,0.0,0.0,21.7,8.7,13.0,56.5,100.0,0.0,20260814 0640
2026-08-14T06:58:03.119992+09:00,충정로역,충정로역,POI052,KEY_1,한산한,9,60000,70000,78.5,21.5,0.0,0.0,38.5,46.2,12.3,3.1,100.0,0.0,20260813 2330
2026-08-14T06:58:03.119992+09:00,합정역,합정역,POI053,KEY_2,한산한,5,30000,40000,35.3,64.7,0.0,0.0,17.6,55.9,0.0,26.5,100.0,0.0,20260814 0640
2026-08-14T06:58:03.119992+09:00,혜화역,혜화역,POI054,KEY_3,한산한,4,10000,20000,83.3,16.7,0.0,8.3,91.7,0.0,0.0,0.0,100.0,0.0,20260814 0640
2026-08-14T06:58:03.119992+09:00,홍대입구역(2호선),홍대입구역(2호선),POI055,KEY_4,한산한,4,20000,30000,76.9,23.1,0.0,0.0,0.0,19.2,38.5,42.3,100.0,0.0,20260814 0640
2026-08-14T06:58:03.119992+09:00,회기역,회기역,POI056,KEY_1,한산한,7,30000,40000,66.7,33.3,0.0,22.2,16.7,0.0,50.0,11.1,100.0,0.0,20260814 0630
2026-08-14T07:56:35.518317+09:00,광화문·덕수궁,광화문·덕수궁,POI009,KEY_2,한산한,70,400000,450000,55.9,44.1,0.0,6.6,30.0,28.4,21.2,13.8,89.3,10.7,20260814 0740
2026-08-14T07:56:35.518317+09:00,보신각,보신각,POI010,KEY_3,한산한,22,100000,150000,26.9,73.1,0.0,2.2,31.2,10.8,34.4,21.5,85.2,14.8,20260814 0740
2026-08-14T07:56:35.518317+09:00,강남 MICE 관광특구,강남 MICE 관광특구,POI001,KEY_2,한산한,15,90000,100000,55.3,44.7,0.0,0.0,36.5,34.1,25.9,3.5,87.6,12.4,20260814 0740
2026-08-14T07:56:35.518317+09:00,동대문 관광특구,동대문 관광특구,POI002,KEY_3,한산한,20,100000,150000,79.8,20.2,0.0,7.9,18.4,24.6,16.7,32.5,90.6,9.4,20260814 0740
2026-08-14T07:56:35.518317+09:00,명동 관광특구,명동 관광특구,POI003,KEY_4,보통,348,2200000,2300000,53.7,46.3,0.0,11.6,27.6,19.6,33.3,7.8,83.5,16.5,20260814 0740
2026-08-14T07:56:35.518317+09:00,이태원 관광특구,이태원 관광특구,POI004,KEY_1,한산한,4,10000,20000,66.7,33.3,0.0,41.7,33.3,0.0,25.0,0.0,100.0,0.0,20260814 0740
2026-08-14T07:56:35.518317+09:00,잠실 관광특구,잠실 관광특구,POI005,KEY_2,한산한,32,100000,150000,63.6,36.4,0.0,19.3,19.3,13.6,40.7,7.1,97.9,2.1,20260814 0740
2026-08-14T07:56:35.518317+09:00,종로·청계 관광특구,종로·청계 관광특구,POI006,KEY_3,한산한,52,300000,350000,67.3,32.7,0.0,14.7,22.9,32.0,19.2,11.3,83.6,16.4,20260814 0740
2026-08-14T07:56:35.518317+09:00,홍대 관광특구,홍대 관광특구,POI007,KEY_4,한산한,57,250000,300000,44.2,55.8,1.6,13.5,20.7,15.9,36.3,12.0,83.9,16.1,20260814 0740
2026-08-14T07:56:35.518317+09:00,가락시장,가락시장,POI058,KEY_2,한산한,9,30000,40000,63.3,36.7,0.0,6.7,20.0,16.7,50.0,6.7,100.0,0.0,20260814 0740
2026-08-14T07:56:35.518317+09:00,가로수길,가로수길,POI059,KEY_3,한산한,12,70000,80000,37.7,62.3,0.0,20.3,26.1,17.4,14.5,21.7,95.9,4.1,20260814 0740
2026-08-14T07:56:35.518317+09:00,광장(전통)시장,광장(전통)시장,POI060,KEY_4,한산한,5,20000,30000,96.0,4.0,0.0,0.0,20.0,60.0,20.0,0.0,100.0,0.0,20260814 0740
2026-08-14T07:56:35.518317+09:00,김포공항,김포공항,POI061,KEY_1,분주한,15,600000,650000,1.5,98.5,0.0,17.0,15.0,40.9,0.5,26.7,100.0,0.0,20260814 0740
2026-08-14T07:56:35.518317+09:00,남대문시장,남대문시장,POI115,KEY_2,한산한,10,30000,40000,63.6,36.4,0.0,0.0,21.2,21.2,57.6,0.0,100.0,0.0,20260814 0740
2026-08-14T07:56:35.518317+09:00,노량진,노량진,POI063,KEY_3,보통,43,200000,250000,77.3,22.7,0.0,16.9,15.9,9.7,34.3,23.2,100.0,0.0,20260814 0740
2026-08-14T07:56:35.518317+09:00,덕수궁길·정동길,덕수궁길·정동길,POI064,KEY_4,한산한,11,100000,150000,61.7,38.3,0.0,11.7,21.7,15.0,28.3,23.3,43.9,56.1,20260814 0740
2026-08-14T07:56:35.518317+09:00,북창동 먹자골목,북창동 먹자골목,POI114,KEY_1,한산한,10,40000,50000,60.0,40.0,0.0,8.9,15.6,4.4,71.1,0.0,100.0,0.0,20260814 0740
2026-08-14T07:56:35.518317+09:00,북촌한옥마을,북촌한옥마을,POI066,KEY_2,한산한,9,100000,150000,28.9,71.1,0.0,71.1,7.2,21.6,0.0,0.0,91.5,8.5,20260814 0740
2026-08-14T07:56:35.518317+09:00,서촌,서촌,POI067,KEY_3,한산한,5,30000,40000,87.0,13.0,0.0,17.4,13.0,8.7,60.9,0.0,74.2,25.8,20260814 0740
2026-08-14T07:56:35.518317+09:00,성수카페거리,성수카페거리,POI068,KEY_4,한산한,23,80000,90000,77.6,22.4,0.0,14.1,10.6,43.5,17.6,14.1,100.0,0.0,20260814 0740
2026-08-14T07:56:35.518317+09:00,송리단길·호수단길,송리단길·호수단길,POI121,KEY_1,한산한,8,20000,30000,68.2,31.8,0.0,22.7,31.8,27.3,18.2,0.0,100.0,0.0,20260814 0730
2026-08-14T07:56:35.518317+09:00,신촌 스타광장,신촌 스타광장,POI122,KEY_2,한산한,7,30000,40000,65.8,34.2,0.0,39.5,0.0,7.9,13.2,39.5,100.0,0.0,20260814 0740
2026-08-14T07:56:35.518317+09:00,압구정로데오거리,압구정로데오거리,POI071,KEY_3,한산한,4,20000,30000,86.4,13.6,0.0,13.6,0.0,0.0,86.4,0.0,100.0,0.0,20260814 0740
2026-08-14T07:56:35.518317+09:00,여의도,여의도,POI072,KEY_4,한산한,181,800000,850000,65.7,34.3,0.0,11.4,26.6,23.9,26.3,11.9,93.6,6.4,20260814 0740
2026-08-14T07:56:35.518317+09:00,연남동,연남동,POI073,KEY_1,한산한,5,30000,40000,11.8,88.2,0.0,0.0,0.0,5.9,5.9,88.2,100.0,0.0,20260814 0700
2026-08-14T07:56:35.518317+09:00,영등포 타임스퀘어,영등포 타임스퀘어,POI074,KEY_2,한산한,32,150000,200000,49.4,50.6,0.0,1.1,43.2,19.9,19.3,16.5,97.3,2.7,20260814 0740
2026-08-14T07:56:35.518317+09:00,용리단길,용리단길,POI076,KEY_3,한산한,4,250000,300000,72.1,27.9,0.0,27.9,62.1,0.0,0.0,10.1,100.0,0.0,20260814 0230
2026-08-14T07:56:35.518317+09:00,이태원 앤틱가구거리,이태원 앤틱가구거리,POI077,KEY_4,한산한,4,20000,30000,88.0,12.0,0.0,0.0,20.0,20.0,0.0,60.0,100.0,0.0,20260814 0640
2026-08-14T07:56:35.518317+09:00,익선동,익선동,POI116,KEY_1,한산한,8,50000,60000,98.1,1.9,0.0,0.0,22.6,52.8,24.5,0.0,100.0,0.0,20260814 0740
2026-08-14T07:56:35.518317+09:00,인사동,인사동,POI078,KEY_2,한산한,20,200000,250000,61.0,39.0,0.0,7.3,17.1,51.2,6.1,18.3,41.1,58.9,20260814 0740
2026-08-14T07:56:35.518317+09:00,잠실롯데타워·석촌호수,잠실롯데타워·석촌호수,POI120,KEY_3,한산한,31,100000,150000,61.1,38.9,0.0,20.6,20.6,14.5,36.6,7.6,97.8,2.2,20260814 0740
2026-08-14T07:56:35.518317+09:00,창동 신경제 중심지,창동 신경제 중심지,POI079,KEY_4,한산한,23,200000,250000,78.6,21.4,0.0,4.2,10.2,10.2,24.7,50.7,100.0,0.0,20260814 0740
2026-08-14T07:56:35.518317+09:00,청담동 명품거리,청담동 명품거리,POI080,KEY_1,한산한,9,20000,30000,75.9,24.1,0.0,13.8,13.8,34.5,31.0,6.9,100.0,0.0,20260814 0740
2026-08-14T07:56:35.518317+09:00,청량리 제기동 일대 전통시장,청량리 제기동 일대 전통시장,POI081,KEY_2,한산한,5,30000,40000,52.6,47.4,15.8,0.0,55.3,0.0,28.9,0.0,100.0,0.0,20260814 0740
2026-08-14T07:56:35.518317+09:00,해방촌·경리단길,해방촌·경리단길,POI082,KEY_3,한산한,4,30000,40000,100.0,0.0,0.0,0.0,52.8,0.0,47.2,0.0,100.0,0.0,20260814 0540
2026-08-14T07:56:35.518317+09:00,DDP(동대문디자인플라자),DDP(동대문디자인플라자),POI083,KEY_4,한산한,4,60000,70000,50.0,50.0,0.0,43.3,3.3,6.7,46.7,0.0,100.0,0.0,20260813 2120
2026-08-14T07:56:35.518317+09:00,DMC(디지털미디어시티),DMC(디지털미디어시티),POI084,KEY_1,한산한,43,200000,250000,73.0,27.0,0.0,0.9,20.3,46.8,18.9,13.1,98.2,1.8,20260814 0740
2026-08-14T07:56:35.518317+09:00,가산디지털단지역,가산디지털단지역,POI013,KEY_2,한산한,75,250000,300000,59.3,40.7,0.0,10.3,26.0,42.1,17.2,4.4,100.0,0.0,20260814 0740
2026-08-14T07:56:35.518317+09:00,강남역,강남역,POI014,KEY_3,한산한,91,450000,500000,66.5,33.5,1.6,18.8,28.5,21.3,21.3,8.6,94.2,5.8,20260814 0740
2026-08-14T07:56:35.518317+09:00,건대입구역,건대입구역,POI015,KEY_4,한산한,20,250000,300000,34.6,65.4,0.0,0.0,6.9,44.3,16.7,32.1,94.6,5.4,20260814 0740
2026-08-14T07:56:35.518317+09:00,고덕역,고덕역,POI016,KEY_1,한산한,8,20000,30000,75.0,25.0,0.0,0.0,7.1,39.3,46.4,7.1,100.0,0.0,20260814 0740
2026-08-14T07:56:35.518317+09:00,고속터미널역,고속터미널역,POI017,KEY_2,한산한,32,100000,150000,42.8,57.2,0.0,27.5,21.7,22.5,18.8,9.4,100.0,0.0,20260814 0740
2026-08-14T07:56:35.518317+09:00,교대역,교대역,POI018,KEY_3,한산한,26,90000,100000,54.4,45.6,0.0,10.0,20.0,26.7,33.3,10.0,95.8,4.2,20260814 0740
2026-08-14T07:56:35.518317+09:00,구로디지털단지역,구로디지털단지역,POI019,KEY_4,한산한,38,200000,250000,69.1,30.9,0.0,2.1,29.9,41.2,19.6,7.2,78.2,21.8,20260814 0740
2026-08-14T07:56:35.518317+09:00,구로역,구로역,POI020,KEY_1,한산한,4,10000,20000,50.0,50.0,0.0,0.0,15.0,50.0,35.0,0.0,100.0,0.0,20260814 0740
2026-08-14T07:56:35.518317+09:00,군자역,군자역,POI021,KEY_2,한산한,6,50000,60000,94.3,5.7,0.0,0.0,1.9,7.5,81.1,9.4,100.0,0.0,20260814 0740
2026-08-14T07:56:35.518317+09:00,대림역,대림역,POI023,KEY_3,한산한,11,50000,60000,43.1,56.9,0.0,5.9,7.8,7.8,70.6,7.8,100.0,0.0,20260814 0730
2026-08-14T07:56:35.518317+09:00,동대문역,동대문역,POI024,KEY_4,한산한,4,20000,30000,46.7,53.3,0.0,0.0,13.3,33.3,53.3,0.0,53.6,46.4,20260814 0710
2026-08-14T07:56:35.518317+09:00,뚝섬역,뚝섬역,POI025,KEY_1,한산한,14,100000,150000,76.9,23.1,0.0,27.7,21.5,16.9,21.5,12.3,49.6,50.4,20260814 0740
2026-08-14T07:56:35.518317+09:00,미아사거리역,미아사거리역,POI026,KEY_2,한산한,5,10000,20000,63.2,36.8,0.0,10.5,57.9,0.0,31.6,0.0,100.0,0.0,20260814 0620
2026-08-14T07:56:35.518317+09:00,발산역,발산역,POI027,KEY_3,한산한,12,70000,80000,73.1,26.9,0.0,15.4,25.6,7.7,33.3,17.9,100.0,0.0,20260814 0740
2026-08-14T07:56:35.518317+09:00,사당역,사당역,POI029,KEY_4,한산한,20,100000,150000,84.0,16.0,0.0,4.7,10.4,17.0,42.5,25.5,95.4,4.6,20260814 0740
2026-08-14T07:56:35.518317+09:00,서울대입구역,서울대입구역,POI031,KEY_2,한산한,11,70000,80000,70.8,29.2,0.0,2.8,4.2,83.3,6.9,2.8,100.0,0.0,20260814 0740
2026-08-14T07:56:35.518317+09:00,서울식물원·마곡나루역,서울식물원·마곡나루역,POI032,KEY_3,한산한,40,150000,200000,80.2,19.8,0.0,10.2,30.5,29.3,24.6,5.4,90.2,9.8,20260814 0740
2026-08-14T07:56:35.518317+09:00,서울역,서울역,POI033,KEY_4,한산한,28,100000,150000,44.0,56.0,0.0,17.9,36.9,38.1,7.1,0.0,85.0,15.0,20260814 0740
2026-08-14T07:56:35.518317+09:00,선릉역,선릉역,POI034,KEY_1,한산한,56,300000,350000,69.6,30.4,2.0,9.8,26.5,28.4,25.0,8.3,58.5,41.5,20260814 0740
2026-08-14T07:56:35.518317+09:00,성신여대입구역,성신여대입구역,POI035,KEY_2,한산한,5,10000,20000,92.9,7.1,0.0,0.0,0.0,28.6,57.1,14.3,100.0,0.0,20260814 0740
2026-08-14T07:56:35.518317+09:00,수유역,수유역,POI036,KEY_3,한산한,8,30000,40000,25.8,74.2,0.0,41.9,0.0,38.7,19.4,0.0,100.0,0.0,20260814 0740
2026-08-14T07:56:35.518317+09:00,신논현역·논현역,신논현역·논현역,POI037,KEY_2,한산한,5,60000,70000,59.7,40.3,0.0,21.0,54.8,14.5,9.7,0.0,100.0,0.0,20260814 0740
2026-08-14T07:56:35.518317+09:00,신도림역,신도림역,POI038,KEY_3,한산한,9,30000,40000,47.2,52.8,0.0,25.0,0.0,27.8,47.2,0.0,100.0,0.0,20260814 0730
2026-08-14T07:56:35.518317+09:00,신림역,신림역,POI039,KEY_4,한산한,7,20000,30000,40.9,59.1,0.0,9.1,59.1,27.3,4.5,0.0,78.6,21.4,20260814 0740
2026-08-14T07:56:35.518317+09:00,신정네거리역,신정네거리역,POI117,KEY_1,한산한,4,20000,30000,7.4,92.6,0.0,0.0,0.0,7.4,92.6,0.0,100.0,0.0,20260814 0740
2026-08-14T07:56:35.518317+09:00,신촌·이대역,신촌·이대역,POI040,KEY_2,한산한,21,100000,150000,72.4,27.6,0.0,35.4,6.3,6.3,40.2,11.8,93.4,6.6,20260814 0740
2026-08-14T07:56:35.518317+09:00,쌍문역,쌍문역,POI070,KEY_3,한산한,5,20000,30000,0.0,100.0,0.0,0.0,18.2,81.8,0.0,0.0,100.0,0.0,20260814 0740
2026-08-14T07:56:35.518317+09:00,양재역,양재역,POI041,KEY_4,한산한,34,150000,200000,50.0,50.0,0.0,4.1,21.9,33.6,22.6,17.8,93.0,7.0,20260814 0740
2026-08-14T07:56:35.518317+09:00,역삼역,역삼역,POI042,KEY_1,한산한,50,200000,250000,53.2,46.8,0.0,5.2,19.0,32.3,28.4,15.2,85.6,14.4,20260814 0740
2026-08-14T07:56:35.518317+09:00,연신내역,연신내역,POI043,KEY_2,한산한,4,10000,20000,36.4,63.6,27.3,0.0,36.4,0.0,36.4,0.0,100.0,0.0,20260814 0740
2026-08-14T07:56:35.518317+09:00,오목교역·목동운동장,오목교역·목동운동장,POI044,KEY_3,한산한,28,100000,150000,61.5,38.5,5.4,15.4,11.5,31.5,26.2,10.0,95.6,4.4,20260814 0740
2026-08-14T07:56:35.518317+09:00,왕십리역,왕십리역,POI045,KEY_4,한산한,10,70000,80000,24.7,75.3,0.0,1.4,16.4,64.4,11.0,6.8,100.0,0.0,20260814 0740
2026-08-14T07:56:35.518317+09:00,용산역,용산역,POI046,KEY_1,한산한,51,300000,350000,43.3,56.7,1.7,11.7,28.9,24.1,22.7,11.0,91.5,8.5,20260814 0740
2026-08-14T07:56:35.518317+09:00,이태원역,이태원역,POI047,KEY_2,한산한,4,100000,150000,9.5,90.5,0.0,28.6,71.4,0.0,0.0,0.0,100.0,0.0,20260814 0650
2026-08-14T07:56:35.518317+09:00,잠실새내역,잠실새내역,POI118,KEY_3,한산한,7,50000,60000,33.3,66.7,0.0,45.1,15.7,29.4,3.9,5.9,100.0,0.0,20260814 0740
2026-08-14T07:56:35.518317+09:00,잠실역,잠실역,POI119,KEY_4,한산한,15,60000,70000,70.5,29.5,0.0,16.4,27.9,4.9,44.3,6.6,100.0,0.0,20260814 0740
2026-08-14T07:56:35.518317+09:00,장지역,장지역,POI048,KEY_1,한산한,5,30000,40000,20.0,80.0,0.0,0.0,77.1,11.4,5.7,5.7,100.0,0.0,20260814 0740
2026-08-14T07:56:35.518317+09:00,장한평역,장한평역,POI049,KEY_2,한산한,13,60000,70000,73.8,26.2,0.0,16.4,34.4,31.1,13.1,4.9,100.0,0.0,20260814 0740
2026-08-14T07:56:35.518317+09:00,천호역,천호역,POI050,KEY_3,한산한,11,50000,60000,62.5,37.5,0.0,17.5,47.5,0.0,12.5,22.5,80.0,20.0,20260814 0740
2026-08-14T07:56:35.518317+09:00,총신대입구(이수)역,총신대입구(이수)역,POI051,KEY_4,한산한,9,30000,40000,58.3,41.7,0.0,0.0,69.4,13.9,13.9,2.8,100.0,0.0,20260814 0740
2026-08-14T07:56:35.518317+09:00,충정로역,충정로역,POI052,KEY_1,보통,15,70000,80000,66.2,33.8,0.0,5.9,14.7,26.5,27.9,25.0,95.8,4.2,20260814 0740
2026-08-14T07:56:35.518317+09:00,합정역,합정역,POI053,KEY_2,한산한,12,70000,80000,60.4,39.6,0.0,27.1,20.8,10.4,33.3,8.3,62.3,37.7,20260814 0740
2026-08-14T07:56:35.518317+09:00,혜화역,혜화역,POI054,KEY_3,한산한,5,20000,30000,100.0,0.0,0.0,0.0,20.0,72.0,4.0,4.0,100.0,0.0,20260814 0720
2026-08-14T07:56:35.518317+09:00,홍대입구역(2호선),홍대입구역(2호선),POI055,KEY_4,한산한,15,90000,100000,22.3,77.7,0.0,9.6,30.9,0.0,59.6,0.0,100.0,0.0,20260814 0740
2026-08-14T07:56:35.518317+09:00,회기역,회기역,POI056,KEY_1,한산한,23,200000,250000,32.3,67.7,0.0,12.7,45.5,6.4,4.5,30.9,100.0,0.0,20260814 0740
2026-08-14T08:53:57.452560+09:00,광화문·덕수궁,광화문·덕수궁,POI009,KEY_2,보통,204,1800000,1900000,62.8,37.2,0.0,6.7,31.9,43.9,15.3,2.3,96.0,4.0,20260814 0840
2026-08-14T08:53:57.452560+09:00,보신각,보신각,POI010,KEY_3,한산한,63,250000,300000,40.9,59.1,0.0,4.8,38.7,32.7,22.3,1.5,100.0,0.0,20260814 0840
2026-08-14T08:53:57.452560+09:00,강남 MICE 관광특구,강남 MICE 관광특구,POI001,KEY_2,한산한,50,300000,350000,42.9,57.1,0.0,7.9,44.6,22.5,21.4,3.6,90.3,9.7,20260814 0840
2026-08-14T08:53:57.452560+09:00,동대문 관광특구,동대문 관광특구,POI002,KEY_3,한산한,28,100000,150000,46.6,53.4,0.0,34.5,20.7,28.4,13.8,2.6,100.0,0.0,20260814 0840
2026-08-14T08:53:57.452560+09:00,명동 관광특구,명동 관광특구,POI003,KEY_4,보통,704,2900000,3000000,49.6,50.4,0.3,10.0,33.5,28.7,21.1,6.3,77.7,22.3,20260814 0840
2026-08-14T08:53:57.452560+09:00,이태원 관광특구,이태원 관광특구,POI004,KEY_1,한산한,15,70000,80000,53.2,46.8,0.0,0.0,37.7,49.4,6.5,6.5,100.0,0.0,20260814 0840
2026-08-14T08:53:57.452560+09:00,잠실 관광특구,잠실 관광특구,POI005,KEY_2,한산한,86,400000,450000,55.9,44.1,0.0,9.7,28.8,27.4,17.9,16.3,97.0,3.0,20260814 0840
2026-08-14T08:53:57.452560+09:00,종로·청계 관광특구,종로·청계 관광특구,POI006,KEY_3,한산한,115,600000,650000,50.3,49.7,0.0,21.3,16.6,27.2,11.9,23.0,95.5,4.5,20260814 0840
2026-08-14T08:53:57.452560+09:00,홍대 관광특구,홍대 관광특구,POI007,KEY_4,한산한,111,650000,700000,59.7,40.3,4.0,17.1,26.7,14.4,7.9,29.9,98.1,1.9,20260814 0840
2026-08-14T08:53:57.452560+09:00,가락시장,가락시장,POI058,KEY_2,한산한,4,200000,250000,100.0,0.0,0.0,0.0,47.7,0.0,52.3,0.0,100.0,0.0,20260814 0840
2026-08-14T08:53:57.452560+09:00,가로수길,가로수길,POI059,KEY_3,보통,49,4400000,4500000,97.3,2.7,0.0,0.4,2.7,94.5,0.2,2.2,99.5,0.5,20260814 0840
2026-08-14T08:53:57.452560+09:00,광장(전통)시장,광장(전통)시장,POI060,KEY_4,한산한,18,100000,150000,38.9,61.1,0.0,43.7,12.7,33.3,7.1,3.2,100.0,0.0,20260814 0840
2026-08-14T08:53:57.452560+09:00,김포공항,김포공항,POI061,KEY_1,한산한,13,50000,60000,59.6,40.4,0.0,0.0,21.2,55.8,9.6,13.5,100.0,0.0,20260814 0840
2026-08-14T08:53:57.452560+09:00,남대문시장,남대문시장,POI115,KEY_2,한산한,44,200000,250000,66.8,33.2,0.0,1.0,44.9,28.1,17.9,8.2,94.2,5.8,20260814 0840
2026-08-14T08:53:57.452560+09:00,노량진,노량진,POI063,KEY_3,보통,53,150000,200000,47.7,52.3,1.6,29.0,40.4,10.4,13.0,5.7,99.5,0.5,20260814 0840
2026-08-14T08:53:57.452560+09:00,덕수궁길·정동길,덕수궁길·정동길,POI064,KEY_4,한산한,37,150000,200000,59.8,40.2,0.0,22.6,41.5,11.6,19.5,4.9,100.0,0.0,20260814 0840
2026-08-14T08:53:57.452560+09:00,북창동 먹자골목,북창동 먹자골목,POI114,KEY_1,한산한,50,200000,250000,50.0,50.0,0.8,12.7,40.7,25.8,15.7,4.2,95.2,4.8,20260814 0840
2026-08-14T08:53:57.452560+09:00,북촌한옥마을,북촌한옥마을,POI066,KEY_2,한산한,28,150000,200000,71.1,28.9,0.0,0.0,56.3,12.0,21.8,9.9,88.7,11.3,20260814 0840
2026-08-14T08:53:57.452560+09:00,서촌,서촌,POI067,KEY_3,한산한,36,250000,300000,58.2,41.8,0.0,3.3,27.6,30.5,13.4,25.1,96.0,4.0,20260814 0840
2026-08-14T08:53:57.452560+09:00,성수카페거리,성수카페거리,POI068,KEY_4,한산한,87,500000,550000,66.7,33.3,0.0,16.9,28.3,40.7,7.3,6.9,95.9,4.1,20260814 0840
2026-08-14T08:53:57.452560+09:00,송리단길·호수단길,송리단길·호수단길,POI121,KEY_1,한산한,12,70000,80000,67.3,32.7,0.0,0.5,8.6,41.9,25.0,24.1,95.1,4.9,20260814 0840
2026-08-14T08:53:57.452560+09:00,신촌 스타광장,신촌 스타광장,POI122,KEY_2,한산한,6,30000,40000,15.2,84.8,0.0,27.3,42.4,0.0,0.0,30.3,100.0,0.0,20260814 0750
2026-08-14T08:53:57.452560+09:00,압구정로데오거리,압구정로데오거리,POI071,KEY_3,한산한,12,70000,80000,36.7,63.3,0.0,10.2,55.1,10.2,4.1,20.4,70.0,30.0,20260814 0840
2026-08-14T08:53:57.452560+09:00,여의도,여의도,POI072,KEY_4,보통,302,2600000,2700000,73.0,27.0,0.3,7.5,31.4,22.8,19.4,18.6,67.4,32.6,20260814 0840
2026-08-14T08:53:57.452560+09:00,연남동,연남동,POI073,KEY_1,한산한,6,40000,50000,6.1,93.9,0.0,0.0,0.0,66.7,33.3,0.0,78.6,21.4,20260814 0840
2026-08-14T08:53:57.452560+09:00,영등포 타임스퀘어,영등포 타임스퀘어,POI074,KEY_2,한산한,59,250000,300000,47.5,52.5,0.0,7.7,44.4,25.7,16.9,5.4,100.0,0.0,20260814 0840
2026-08-14T08:53:57.452560+09:00,용리단길,용리단길,POI076,KEY_3,한산한,6,30000,40000,68.8,31.3,0.0,0.0,40.6,56.3,3.1,0.0,100.0,0.0,20260814 0840
2026-08-14T08:53:57.452560+09:00,이태원 앤틱가구거리,이태원 앤틱가구거리,POI077,KEY_4,한산한,5,10000,20000,100.0,0.0,0.0,0.0,21.1,52.6,0.0,26.3,100.0,0.0,20260814 0840
2026-08-14T08:53:57.452560+09:00,익선동,익선동,POI116,KEY_1,한산한,38,150000,200000,63.4,36.6,0.0,12.8,19.8,19.2,27.9,20.3,95.0,5.0,20260814 0840
2026-08-14T08:53:57.452560+09:00,인사동,인사동,POI078,KEY_2,한산한,39,150000,200000,34.1,65.9,0.0,7.6,45.3,11.8,30.6,4.7,100.0,0.0,20260814 0840
2026-08-14T08:53:57.452560+09:00,잠실롯데타워·석촌호수,잠실롯데타워·석촌호수,POI120,KEY_3,한산한,82,400000,450000,56.7,43.3,0.0,10.0,28.7,26.0,18.5,16.8,96.9,3.1,20260814 0840
2026-08-14T08:53:57.452560+09:00,창동 신경제 중심지,창동 신경제 중심지,POI079,KEY_4,한산한,66,650000,700000,58.1,41.9,1.7,14.1,9.0,21.2,7.4,46.7,99.4,0.6,20260814 0840
2026-08-14T08:53:57.452560+09:00,청담동 명품거리,청담동 명품거리,POI080,KEY_1,한산한,15,60000,70000,30.8,69.2,0.0,15.4,46.2,13.8,9.2,15.4,100.0,0.0,20260814 0840
2026-08-14T08:53:57.452560+09:00,청량리 제기동 일대 전통시장,청량리 제기동 일대 전통시장,POI081,KEY_2,한산한,9,80000,90000,80.7,19.3,0.0,0.0,2.4,19.3,73.5,4.8,100.0,0.0,20260814 0840
2026-08-14T08:53:57.452560+09:00,해방촌·경리단길,해방촌·경리단길,POI082,KEY_3,한산한,4,30000,40000,100.0,0.0,0.0,0.0,52.8,0.0,47.2,0.0,100.0,0.0,20260814 0540
2026-08-14T08:53:57.452560+09:00,DDP(동대문디자인플라자),DDP(동대문디자인플라자),POI083,KEY_4,한산한,4,20000,30000,7.1,92.9,0.0,21.4,25.0,53.6,0.0,0.0,100.0,0.0,20260814 0840
2026-08-14T08:53:57.452560+09:00,DMC(디지털미디어시티),DMC(디지털미디어시티),POI084,KEY_1,한산한,73,350000,400000,57.7,42.3,0.0,21.1,33.3,34.2,11.3,0.0,86.5,13.5,20260814 0840
2026-08-14T08:53:57.452560+09:00,가산디지털단지역,가산디지털단지역,POI013,KEY_2,보통,223,950000,1000000,57.4,42.6,0.2,19.4,45.1,18.8,12.4,4.1,92.1,7.9,20260814 0840
2026-08-14T08:53:57.452560+09:00,강남역,강남역,POI014,KEY_3,한산한,151,700000,750000,51.6,48.4,0.0,17.9,35.3,26.0,14.6,6.2,95.2,4.8,20260814 0840
2026-08-14T08:53:57.452560+09:00,건대입구역,건대입구역,POI015,KEY_4,보통,42,1200000,1300000,18.2,81.8,0.0,5.5,7.4,34.1,25.6,27.4,89.7,10.3,20260814 0840
2026-08-14T08:53:57.452560+09:00,고덕역,고덕역,POI016,KEY_1,한산한,5,10000,20000,46.2,53.8,0.0,30.8,30.8,23.1,0.0,15.4,100.0,0.0,20260814 0840
2026-08-14T08:53:57.452560+09:00,고속터미널역,고속터미널역,POI017,KEY_2,한산한,33,250000,300000,54.4,45.6,0.0,19.8,18.1,29.0,29.4,3.6,96.5,3.5,20260814 0840
2026-08-14T08:53:57.452560+09:00,교대역,교대역,POI018,KEY_3,한산한,54,200000,250000,43.6,56.4,0.0,13.7,47.9,13.3,19.0,6.2,97.7,2.3,20260814 0840
2026-08-14T08:53:57.452560+09:00,구로디지털단지역,구로디지털단지역,POI019,KEY_4,보통,136,600000,650000,50.5,49.5,0.0,18.8,38.1,26.9,13.6,2.6,87.6,12.4,20260814 0840
2026-08-14T08:53:57.452560+09:00,구로역,구로역,POI020,KEY_1,한산한,12,50000,60000,16.7,83.3,0.0,11.1,22.2,55.6,11.1,0.0,72.5,27.5,20260814 0840
2026-08-14T08:53:57.452560+09:00,군자역,군자역,POI021,KEY_2,한산한,11,40000,50000,62.2,37.8,0.0,40.0,11.1,28.9,20.0,0.0,100.0,0.0,20260814 0840
2026-08-14T08:53:57.452560+09:00,대림역,대림역,POI023,KEY_3,한산한,10,30000,40000,50.0,50.0,0.0,2.2,8.6,4.3,29.6,55.4,100.0,0.0,20260814 0840
2026-08-14T08:53:57.452560+09:00,동대문역,동대문역,POI024,KEY_4,한산한,7,20000,30000,55.0,45.0,0.0,25.0,15.0,25.0,20.0,15.0,100.0,0.0,20260814 0840
2026-08-14T08:53:57.452560+09:00,뚝섬역,뚝섬역,POI025,KEY_1,한산한,39,150000,200000,56.5,43.5,0.0,5.0,43.5,19.9,16.8,14.9,100.0,0.0,20260814 0840
2026-08-14T08:53:57.452560+09:00,미아사거리역,미아사거리역,POI026,KEY_2,한산한,9,50000,60000,21.3,78.7,0.0,0.0,14.9,25.5,59.6,0.0,83.9,16.1,20260814 0840
2026-08-14T08:53:57.452560+09:00,발산역,발산역,POI027,KEY_3,한산한,44,650000,700000,48.0,52.0,0.0,32.9,38.8,15.8,11.8,0.7,22.8,77.2,20260814 0840
2026-08-14T08:53:57.452560+09:00,사당역,사당역,POI029,KEY_4,한산한,17,70000,80000,57.8,42.2,0.0,20.3,64.1,0.0,15.6,0.0,84.9,15.1,20260814 0840
2026-08-14T08:53:57.452560+09:00,서울대입구역,서울대입구역,POI031,KEY_2,한산한,19,70000,80000,60.6,39.4,0.0,19.7,59.1,7.6,7.6,6.1,83.5,16.5,20260814 0840
2026-08-14T08:53:57.452560+09:00,서울식물원·마곡나루역,서울식물원·마곡나루역,POI032,KEY_3,한산한,40,200000,250000,47.1,52.9,0.0,13.9,47.6,24.1,14.4,0.0,84.6,15.4,20260814 0840
2026-08-14T08:53:57.452560+09:00,서울역,서울역,POI033,KEY_4,한산한,52,300000,350000,59.0,41.0,0.0,4.5,63.1,15.2,14.8,2.5,88.7,11.3,20260814 0840
2026-08-14T08:53:57.452560+09:00,선릉역,선릉역,POI034,KEY_1,한산한,121,750000,800000,60.8,39.2,0.0,16.0,24.1,19.7,35.5,4.7,86.5,13.5,20260814 0840
2026-08-14T08:53:57.452560+09:00,성신여대입구역,성신여대입구역,POI035,KEY_2,한산한,16,50000,60000,37.2,62.8,0.0,11.6,11.6,5.0,33.9,38.0,100.0,0.0,20260814 0840
2026-08-14T08:53:57.452560+09:00,수유역,수유역,POI036,KEY_3,한산한,37,150000,200000,48.7,51.3,2.1,10.8,25.1,26.2,14.9,21.0,96.9,3.1,20260814 0840
2026-08-14T08:53:57.452560+09:00,신논현역·논현역,신논현역·논현역,POI037,KEY_2,한산한,14,50000,60000,36.4,63.6,3.6,32.7,30.9,5.5,20.0,7.3,100.0,0.0,20260814 0840
2026-08-14T08:53:57.452560+09:00,신도림역,신도림역,POI038,KEY_3,보통,17,60000,70000,41.8,58.2,0.0,3.0,35.8,40.3,11.9,9.0,100.0,0.0,20260814 0840
2026-08-14T08:53:57.452560+09:00,신림역,신림역,POI039,KEY_4,한산한,18,100000,150000,81.6,18.4,0.0,3.9,26.2,14.6,12.6,42.7,100.0,0.0,20260814 0840
2026-08-14T08:53:57.452560+09:00,신정네거리역,신정네거리역,POI117,KEY_1,한산한,4,20000,30000,7.4,92.6,0.0,0.0,0.0,7.4,92.6,0.0,100.0,0.0,20260814 0740
2026-08-14T08:53:57.452560+09:00,신촌·이대역,신촌·이대역,POI040,KEY_2,한산한,49,300000,350000,51.4,48.6,1.4,24.8,27.9,18.0,14.4,13.5,65.9,34.1,20260814 0840
2026-08-14T08:53:57.452560+09:00,쌍문역,쌍문역,POI070,KEY_3,한산한,11,50000,60000,76.8,23.2,0.0,44.6,30.4,7.1,17.9,0.0,100.0,0.0,20260814 0840
2026-08-14T08:53:57.452560+09:00,양재역,양재역,POI041,KEY_4,한산한,76,250000,300000,60.4,39.6,0.0,14.7,33.8,22.7,14.7,14.0,94.3,5.7,20260814 0840
2026-08-14T08:53:57.452560+09:00,역삼역,역삼역,POI042,KEY_1,보통,150,1300000,1400000,61.8,38.2,0.3,10.1,29.4,43.4,8.5,8.4,81.7,18.3,20260814 0840
2026-08-14T08:53:57.452560+09:00,연신내역,연신내역,POI043,KEY_2,한산한,25,300000,350000,37.6,62.4,0.0,2.4,59.0,25.2,7.2,6.2,89.3,10.7,20260814 0840
2026-08-14T08:53:57.452560+09:00,오목교역·목동운동장,오목교역·목동운동장,POI044,KEY_3,한산한,33,100000,150000,37.3,62.7,0.0,19.0,38.1,31.7,11.1,0.0,92.0,8.0,20260814 0840
2026-08-14T08:53:57.452560+09:00,왕십리역,왕십리역,POI045,KEY_4,한산한,23,100000,150000,82.4,17.6,0.0,16.7,21.6,45.1,0.0,16.7,100.0,0.0,20260814 0840
2026-08-14T08:53:57.452560+09:00,용산역,용산역,POI046,KEY_1,보통,75,400000,450000,37.4,62.6,0.0,9.5,30.5,23.6,33.1,3.3,97.2,2.8,20260814 0840
2026-08-14T08:53:57.452560+09:00,이태원역,이태원역,POI047,KEY_2,한산한,6,20000,30000,100.0,0.0,0.0,0.0,34.8,43.5,0.0,21.7,100.0,0.0,20260814 0840
2026-08-14T08:53:57.452560+09:00,잠실새내역,잠실새내역,POI118,KEY_3,한산한,23,80000,90000,56.1,43.9,0.0,20.7,14.6,42.7,7.3,14.6,96.6,3.4,20260814 0840
2026-08-14T08:53:57.452560+09:00,잠실역,잠실역,POI119,KEY_4,한산한,57,250000,300000,55.6,44.4,0.0,15.7,21.1,24.9,13.8,24.5,97.4,2.6,20260814 0840
2026-08-14T08:53:57.452560+09:00,장지역,장지역,POI048,KEY_1,한산한,21,80000,90000,66.3,33.7,0.0,7.0,59.3,26.7,7.0,0.0,100.0,0.0,20260814 0840
2026-08-14T08:53:57.452560+09:00,장한평역,장한평역,POI049,KEY_2,한산한,27,100000,150000,42.2,57.8,0.0,8.3,32.1,23.9,22.0,13.8,92.2,7.8,20260814 0840
2026-08-14T08:53:57.452560+09:00,천호역,천호역,POI050,KEY_3,한산한,19,100000,150000,77.0,23.0,0.0,6.5,22.3,10.8,10.1,50.4,97.9,2.1,20260814 0840
2026-08-14T08:53:57.452560+09:00,총신대입구(이수)역,총신대입구(이수)역,POI051,KEY_4,한산한,25,80000,90000,44.7,55.3,0.0,3.5,37.6,24.7,29.4,4.7,97.7,2.3,20260814 0840
2026-08-14T08:53:57.452560+09:00,충정로역,충정로역,POI052,KEY_1,바쁜,32,150000,200000,55.9,44.1,0.0,9.7,21.4,33.8,11.0,24.1,88.6,11.4,20260814 0840
2026-08-14T08:53:57.452560+09:00,합정역,합정역,POI053,KEY_2,한산한,23,90000,100000,62.0,38.0,0.0,13.0,25.0,39.1,18.5,4.3,95.9,4.1,20260814 0840
2026-08-14T08:53:57.452560+09:00,혜화역,혜화역,POI054,KEY_3,한산한,18,90000,100000,16.8,83.2,0.0,15.8,13.7,30.5,33.7,6.3,100.0,0.0,20260814 0840
2026-08-14T08:53:57.452560+09:00,홍대입구역(2호선),홍대입구역(2호선),POI055,KEY_4,한산한,19,90000,100000,42.7,57.3,0.0,3.4,84.3,9.0,1.1,2.2,100.0,0.0,20260814 0840
2026-08-14T08:53:57.452560+09:00,회기역,회기역,POI056,KEY_1,한산한,24,80000,90000,53.7,46.3,0.0,15.9,30.5,17.1,30.5,6.1,100.0,0.0,20260814 0840
2026-08-14T11:38:25.539491+09:00,광화문·덕수궁,광화문·덕수궁,POI009,KEY_2,보통,155,3300000,3400000,51.7,48.3,0.0,6.2,21.1,31.6,19.7,21.5,68.6,31.4,20260814 1120
2026-08-14T11:38:25.539491+09:00,보신각,보신각,POI010,KEY_3,바쁜,75,2300000,2400000,71.7,28.3,0.0,12.1,15.7,35.0,22.1,15.1,84.6,15.4,20260814 1120
2026-08-14T11:38:25.539491+09:00,강남 MICE 관광특구,강남 MICE 관광특구,POI001,KEY_2,보통,41,700000,750000,60.5,39.5,1.5,3.2,20.1,45.5,18.4,11.4,66.8,33.2,20260814 1120
2026-08-14T11:38:25.539491+09:00,동대문 관광특구,동대문 관광특구,POI002,KEY_3,바쁜,45,1300000,1400000,18.3,81.7,0.0,1.5,4.8,6.1,79.6,8.0,97.8,2.2,20260814 1120
2026-08-14T11:38:25.539491+09:00,명동 관광특구,명동 관광특구,POI003,KEY_4,보통,624,6700000,6800000,57.2,42.8,0.0,6.5,24.0,27.0,19.6,22.9,80.3,19.7,20260814 1120
2026-08-14T11:38:25.539491+09:00,이태원 관광특구,이태원 관광특구,POI004,KEY_1,한산한,19,250000,300000,56.7,43.3,0.0,12.6,39.4,0.0,39.0,9.1,78.8,21.2,20260814 1120
2026-08-14T11:38:25.539491+09:00,잠실 관광특구,잠실 관광특구,POI005,KEY_2,보통,125,2300000,2400000,48.8,51.2,3.7,6.4,38.7,17.2,11.2,22.8,95.0,5.0,20260814 1120
2026-08-14T11:38:25.539491+09:00,종로·청계 관광특구,종로·청계 관광특구,POI006,KEY_3,바쁜,222,8400000,8500000,46.6,53.4,0.7,5.0,10.8,33.4,32.8,17.3,94.8,5.2,20260814 1120
2026-08-14T11:38:25.539491+09:00,홍대 관광특구,홍대 관광특구,POI007,KEY_4,보통,141,3400000,3500000,24.8,75.2,1.0,52.0,9.1,7.9,8.5,21.5,92.0,8.0,20260814 1120
2026-08-14T11:38:25.539491+09:00,가락시장,가락시장,POI058,KEY_2,분주한,14,950000,1000000,68.8,31.2,0.0,2.6,0.0,9.1,12.7,75.6,80.9,19.1,20260814 1120
2026-08-14T11:38:25.539491+09:00,가로수길,가로수길,POI059,KEY_3,바쁜,98,8500000,8600000,67.5,32.5,0.0,17.1,20.3,37.6,17.2,7.9,98.8,1.2,20260814 1120
2026-08-14T11:38:25.539491+09:00,광장(전통)시장,광장(전통)시장,POI060,KEY_4,분주한,36,2600000,2700000,67.7,32.3,0.0,0.4,3.3,24.8,45.1,26.4,98.8,1.2,20260814 1120
2026-08-14T11:38:25.539491+09:00,김포공항,김포공항,POI061,KEY_1,한산한,8,20000,30000,33.3,66.7,0.0,23.3,43.3,0.0,23.3,10.0,100.0,0.0,20260814 1120
2026-08-14T11:38:25.539491+09:00,남대문시장,남대문시장,POI115,KEY_2,바쁜,62,1000000,1100000,51.9,48.1,0.0,0.6,22.9,20.6,15.1,40.8,93.6,6.4,20260814 1120
2026-08-14T11:38:25.539491+09:00,노량진,노량진,POI063,KEY_3,보통,35,200000,250000,71.1,28.9,0.0,35.8,17.9,9.0,33.8,3.5,99.0,1.0,20260814 1120
2026-08-14T11:38:25.539491+09:00,덕수궁길·정동길,덕수궁길·정동길,POI064,KEY_4,보통,16,250000,300000,74.2,25.8,0.0,0.0,0.0,60.5,24.6,14.8,100.0,0.0,20260814 1120
2026-08-14T11:38:25.539491+09:00,북창동 먹자골목,북창동 먹자골목,POI114,KEY_1,보통,48,700000,750000,75.1,24.9,0.0,0.0,27.1,16.1,33.8,23.0,84.6,15.4,20260814 1120
2026-08-14T11:38:25.539491+09:00,북촌한옥마을,북촌한옥마을,POI066,KEY_2,분주한,38,4800000,4900000,98.0,2.0,0.0,0.8,0.6,96.7,1.2,0.6,98.1,1.9,20260814 1120
2026-08-14T11:38:25.539491+09:00,서촌,서촌,POI067,KEY_3,보통,28,400000,450000,75.4,24.6,0.9,0.0,26.2,8.9,43.7,20.3,77.9,22.1,20260814 1120
2026-08-14T11:38:25.539491+09:00,성수카페거리,성수카페거리,POI068,KEY_4,바쁜,102,3600000,3700000,37.9,62.1,0.5,37.2,13.2,19.5,22.3,7.3,61.6,38.4,20260814 1120
2026-08-14T11:38:25.539491+09:00,송리단길·호수단길,송리단길·호수단길,POI121,KEY_1,분주한,35,3200000,3300000,8.5,91.5,0.0,0.6,2.9,87.0,2.0,7.5,98.0,2.0,20260814 1120
2026-08-14T11:38:25.539491+09:00,신촌 스타광장,신촌 스타광장,POI122,KEY_2,보통,9,300000,350000,49.4,50.6,0.0,20.4,43.1,12.3,0.0,24.2,100.0,0.0,20260814 1120
2026-08-14T11:38:25.539491+09:00,압구정로데오거리,압구정로데오거리,POI071,KEY_3,보통,66,4300000,4400000,8.2,91.8,0.0,1.0,1.7,82.1,5.6,9.7,98.6,1.4,20260814 1120
2026-08-14T11:38:25.539491+09:00,여의도,여의도,POI072,KEY_4,바쁜,405,8700000,8800000,63.9,36.1,0.5,6.7,26.4,28.9,23.8,13.7,68.0,32.0,20260814 1120
2026-08-14T11:38:25.539491+09:00,연남동,연남동,POI073,KEY_1,한산한,15,100000,150000,33.3,66.7,0.0,46.5,6.2,16.3,1.6,29.5,97.7,2.3,20260814 1120
2026-08-14T11:38:25.539491+09:00,영등포 타임스퀘어,영등포 타임스퀘어,POI074,KEY_2,보통,58,1000000,1100000,45.3,54.7,0.1,12.1,7.9,18.6,26.7,34.5,97.3,2.7,20260814 1120
2026-08-14T11:38:25.539491+09:00,용리단길,용리단길,POI076,KEY_3,한산한,7,100000,150000,13.3,86.7,0.0,53.1,46.9,0.0,0.0,0.0,91.9,8.1,20260814 1120
2026-08-14T11:38:25.539491+09:00,이태원 앤틱가구거리,이태원 앤틱가구거리,POI077,KEY_4,한산한,5,70000,80000,70.7,29.3,0.0,0.0,49.3,37.3,13.3,0.0,100.0,0.0,20260814 1120
2026-08-14T11:38:25.539491+09:00,익선동,익선동,POI116,KEY_1,바쁜,44,2100000,2200000,40.2,59.8,0.0,4.4,59.0,3.6,29.3,3.7,99.9,0.1,20260814 1120
2026-08-14T11:38:25.539491+09:00,인사동,인사동,POI078,KEY_2,분주한,57,5800000,5900000,92.0,8.0,0.0,1.2,0.8,88.9,8.3,0.8,98.5,1.5,20260814 1120
2026-08-14T11:38:25.539491+09:00,잠실롯데타워·석촌호수,잠실롯데타워·석촌호수,POI120,KEY_3,보통,108,2100000,2200000,48.1,51.9,2.5,5.6,39.2,17.9,11.1,23.8,98.0,2.0,20260814 1120
2026-08-14T11:38:25.539491+09:00,창동 신경제 중심지,창동 신경제 중심지,POI079,KEY_4,분주한,201,6400000,6500000,29.7,70.3,0.0,4.5,12.1,34.7,22.2,26.6,97.8,2.2,20260814 1120
2026-08-14T11:38:25.539491+09:00,청담동 명품거리,청담동 명품거리,POI080,KEY_1,한산한,26,300000,350000,40.4,59.6,0.0,13.5,1.5,21.5,13.8,49.6,86.1,13.9,20260814 1120
2026-08-14T11:38:25.539491+09:00,청량리 제기동 일대 전통시장,청량리 제기동 일대 전통시장,POI081,KEY_2,한산한,29,350000,400000,42.8,57.2,0.0,1.8,6.6,18.1,8.1,65.4,91.7,8.3,20260814 1120
2026-08-14T11:38:25.539491+09:00,해방촌·경리단길,해방촌·경리단길,POI082,KEY_3,한산한,4,30000,40000,100.0,0.0,0.0,15.6,15.6,0.0,68.8,0.0,100.0,0.0,20260814 1110
2026-08-14T11:38:25.539491+09:00,DDP(동대문디자인플라자),DDP(동대문디자인플라자),POI083,KEY_4,한산한,5,20000,30000,29.2,70.8,0.0,0.0,41.7,58.3,0.0,0.0,100.0,0.0,20260814 1100
2026-08-14T11:38:25.539491+09:00,DMC(디지털미디어시티),DMC(디지털미디어시티),POI084,KEY_1,바쁜,96,1400000,1500000,46.1,53.9,0.0,8.0,32.1,30.9,21.7,7.2,77.2,22.8,20260814 1120
2026-08-14T11:38:25.539491+09:00,가산디지털단지역,가산디지털단지역,POI013,KEY_2,바쁜,135,2000000,2100000,56.2,43.8,0.0,10.7,32.2,18.9,30.3,7.9,66.3,33.7,20260814 1120
2026-08-14T11:38:25.539491+09:00,강남역,강남역,POI014,KEY_3,바쁜,200,16000000,17000000,30.6,69.4,0.2,3.3,21.2,34.6,7.7,33.0,98.0,2.0,20260814 1120
2026-08-14T11:38:25.539491+09:00,건대입구역,건대입구역,POI015,KEY_4,바쁜,80,4200000,4300000,76.1,23.9,0.0,3.6,4.5,14.4,5.0,72.6,94.5,5.5,20260814 1120
2026-08-14T11:38:25.539491+09:00,고덕역,고덕역,POI016,KEY_1,바쁜,27,1000000,1100000,55.0,45.0,0.0,2.6,2.6,24.8,12.5,57.4,99.9,0.1,20260814 1120
2026-08-14T11:38:25.539491+09:00,고속터미널역,고속터미널역,POI017,KEY_2,보통,102,1500000,1600000,41.3,58.7,0.0,7.9,10.9,14.3,43.9,23.0,98.1,1.9,20260814 1120
2026-08-14T11:38:25.539491+09:00,교대역,교대역,POI018,KEY_3,보통,66,1300000,1400000,64.3,35.7,0.0,6.7,19.1,34.4,25.2,14.7,77.9,22.1,20260814 1120
2026-08-14T11:38:25.539491+09:00,구로디지털단지역,구로디지털단지역,POI019,KEY_4,바쁜,83,1700000,1800000,66.8,33.2,0.0,3.8,31.6,19.8,18.8,26.0,82.3,17.7,20260814 1120
2026-08-14T11:38:25.539491+09:00,구로역,구로역,POI020,KEY_1,한산한,4,30000,40000,38.3,61.7,0.0,0.0,0.0,13.5,27.5,59.0,97.8,2.2,20260814 1100
2026-08-14T11:38:25.539491+09:00,군자역,군자역,POI021,KEY_2,보통,25,600000,650000,32.6,67.4,0.0,7.2,16.7,13.9,2.8,59.3,100.0,0.0,20260814 1120
2026-08-14T11:38:25.539491+09:00,대림역,대림역,POI023,KEY_3,분주한,37,1900000,2000000,83.7,16.3,0.0,0.0,1.9,1.6,84.2,12.3,100.0,0.0,20260814 1120
2026-08-14T11:38:25.539491+09:00,동대문역,동대문역,POI024,KEY_4,한산한,10,80000,90000,33.0,67.0,0.0,0.0,10.2,70.5,12.5,6.8,100.0,0.0,20260814 1120
2026-08-14T11:38:25.539491+09:00,뚝섬역,뚝섬역,POI025,KEY_1,보통,39,350000,400000,70.8,29.2,0.0,14.6,28.1,10.9,24.4,22.0,100.0,0.0,20260814 1120
2026-08-14T11:38:25.539491+09:00,미아사거리역,미아사거리역,POI026,KEY_2,분주한,47,2900000,3000000,27.1,72.9,0.0,0.6,44.6,10.5,16.8,27.5,90.8,9.2,20260814 1120
2026-08-14T11:38:25.539491+09:00,발산역,발산역,POI027,KEY_3,분주한,77,10000000,11000000,83.9,16.1,0.1,1.4,8.1,3.2,81.2,6.1,99.4,0.6,20260814 1120
2026-08-14T11:38:25.539491+09:00,사당역,사당역,POI029,KEY_4,보통,34,750000,800000,83.8,16.2,0.0,12.2,6.5,4.4,12.6,64.4,69.9,30.1,20260814 1120
2026-08-14T11:38:25.539491+09:00,서울대입구역,서울대입구역,POI031,KEY_2,보통,55,1000000,1100000,26.9,73.1,0.2,8.1,12.2,36.6,25.9,16.9,89.3,10.7,20260814 1120
2026-08-14T11:38:25.539491+09:00,서울식물원·마곡나루역,서울식물원·마곡나루역,POI032,KEY_3,한산한,23,400000,450000,74.5,25.5,0.0,0.0,30.8,44.7,15.3,9.2,94.8,5.3,20260814 1120
2026-08-14T11:38:25.539491+09:00,서울역,서울역,POI033,KEY_4,바쁜,83,2400000,2500000,27.2,72.8,0.0,6.0,49.1,16.7,7.4,20.9,91.8,8.2,20260814 1120
2026-08-14T11:38:25.539491+09:00,선릉역,선릉역,POI034,KEY_1,바쁜,129,4600000,4700000,40.6,59.4,0.4,2.7,20.4,38.6,16.4,21.4,61.6,38.4,20260814 1120
2026-08-14T11:38:25.539491+09:00,성신여대입구역,성신여대입구역,POI035,KEY_2,보통,33,750000,800000,42.4,57.6,0.0,11.7,6.4,23.7,7.1,51.1,100.0,0.0,20260814 1120
2026-08-14T11:38:25.539491+09:00,수유역,수유역,POI036,KEY_3,보통,56,700000,750000,37.0,63.0,1.4,26.8,9.0,12.0,13.5,37.5,100.0,0.0,20260814 1120
2026-08-14T11:38:25.539491+09:00,신논현역·논현역,신논현역·논현역,POI037,KEY_2,분주한,43,14000000,15000000,52.0,48.0,0.0,1.1,32.1,0.4,7.8,58.7,99.9,0.1,20260814 1120
2026-08-14T11:38:25.539491+09:00,신도림역,신도림역,POI038,KEY_3,한산한,7,30000,40000,86.7,13.3,0.0,6.7,36.7,3.3,0.0,53.3,100.0,0.0,20260814 1120
2026-08-14T11:38:25.539491+09:00,신림역,신림역,POI039,KEY_4,보통,64,1400000,1500000,78.8,21.2,0.0,4.9,11.3,28.3,33.7,21.8,99.3,0.7,20260814 1120
2026-08-14T11:38:25.539491+09:00,신정네거리역,신정네거리역,POI117,KEY_1,보통,22,300000,350000,27.0,73.0,0.0,0.0,11.9,0.6,29.7,57.8,100.0,0.0,20260814 1120
2026-08-14T11:38:25.539491+09:00,신촌·이대역,신촌·이대역,POI040,KEY_2,보통,91,2300000,2400000,41.5,58.5,0.0,16.5,11.5,22.4,23.4,26.3,90.4,9.6,20260814 1120
2026-08-14T11:38:25.539491+09:00,쌍문역,쌍문역,POI070,KEY_3,분주한,24,3000000,3100000,95.9,4.1,0.0,0.4,92.8,0.0,0.8,6.0,99.7,0.3,20260814 1120
2026-08-14T11:38:25.539491+09:00,양재역,양재역,POI041,KEY_4,보통,48,1000000,1100000,34.5,65.5,0.0,0.6,57.3,13.3,17.5,11.3,63.8,36.2,20260814 1120
2026-08-14T11:38:25.539491+09:00,역삼역,역삼역,POI042,KEY_1,바쁜,111,2000000,2100000,35.2,64.8,0.0,13.2,14.1,46.2,18.8,7.7,66.4,33.6,20260814 1120
2026-08-14T11:38:25.539491+09:00,연신내역,연신내역,POI043,KEY_2,바쁜,60,1900000,2000000,8.8,91.2,1.2,1.2,6.4,53.9,13.2,24.1,100.0,0.0,20260814 1120
2026-08-14T11:38:25.539491+09:00,오목교역·목동운동장,오목교역·목동운동장,POI044,KEY_3,바쁜,146,4600000,4700000,36.7,63.3,0.0,5.4,2.6,20.1,27.7,44.2,95.0,5.0,20260814 1120
2026-08-14T11:38:25.539491+09:00,왕십리역,왕십리역,POI045,KEY_4,보통,47,1400000,1500000,39.7,60.3,1.2,10.9,17.4,6.5,13.2,50.8,99.3,0.7,20260814 1120
2026-08-14T11:38:25.539491+09:00,용산역,용산역,POI046,KEY_1,바쁜,111,3400000,3500000,33.5,66.5,0.6,18.7,27.7,12.4,13.7,26.9,94.9,5.1,20260814 1120
2026-08-14T11:38:25.539491+09:00,이태원역,이태원역,POI047,KEY_2,한산한,4,20000,30000,81.8,18.2,0.0,18.2,45.5,18.2,0.0,18.2,100.0,0.0,20260814 1110
2026-08-14T11:38:25.539491+09:00,잠실새내역,잠실새내역,POI118,KEY_3,분주한,83,4100000,4200000,25.5,74.5,0.2,7.4,42.0,25.0,11.8,13.6,98.6,1.4,20260814 1120
2026-08-14T11:38:25.539491+09:00,잠실역,잠실역,POI119,KEY_4,보통,69,1000000,1100000,38.6,61.4,4.2,7.9,32.4,15.9,14.3,25.3,100.0,0.0,20260814 1120
2026-08-14T11:38:25.539491+09:00,장지역,장지역,POI048,KEY_1,바쁜,47,2400000,2500000,64.6,35.4,0.0,0.2,10.9,50.6,13.4,24.9,99.0,1.0,20260814 1120
2026-08-14T11:38:25.539491+09:00,장한평역,장한평역,POI049,KEY_2,한산한,4,60000,70000,19.6,80.4,0.0,0.0,0.0,4.6,17.5,77.9,100.0,0.0,20260814 1120
2026-08-14T11:38:25.539491+09:00,천호역,천호역,POI050,KEY_3,분주한,53,3200000,3300000,60.5,39.5,0.0,16.7,13.6,12.9,41.0,15.9,100.0,0.0,20260814 1120
2026-08-14T11:38:25.539491+09:00,총신대입구(이수)역,총신대입구(이수)역,POI051,KEY_4,분주한,76,5600000,5700000,73.8,26.2,0.0,4.0,32.6,52.3,2.4,8.7,99.2,0.8,20260814 1120
2026-08-14T11:38:25.539491+09:00,충정로역,충정로역,POI052,KEY_1,한산한,5,20000,30000,85.0,15.0,0.0,0.0,45.0,45.0,10.0,0.0,100.0,0.0,20260814 1100
2026-08-14T11:38:25.539491+09:00,합정역,합정역,POI053,KEY_2,한산한,13,150000,200000,18.1,81.9,0.0,6.5,24.5,2.6,6.5,60.0,100.0,0.0,20260814 1120
2026-08-14T11:38:25.539491+09:00,혜화역,혜화역,POI054,KEY_3,한산한,38,850000,900000,25.2,74.8,0.0,4.2,10.3,9.7,63.3,12.5,75.2,24.8,20260814 1120
2026-08-14T11:38:25.539491+09:00,홍대입구역(2호선),홍대입구역(2호선),POI055,KEY_4,보통,28,1200000,1300000,11.8,88.2,0.0,76.7,11.8,5.6,0.9,4.9,100.0,0.0,20260814 1120
2026-08-14T11:38:25.539491+09:00,회기역,회기역,POI056,KEY_1,분주한,30,1000000,1100000,76.0,24.0,0.0,3.2,0.6,4.7,36.6,55.0,99.5,0.5,20260814 1120
2026-08-14T13:58:10.246694+09:00,광화문·덕수궁,광화문·덕수궁,POI009,KEY_2,바쁜,244,5200000,5300000,48.7,51.3,0.2,10.1,23.9,29.3,20.8,15.8,71.4,28.6,20260814 1340
2026-08-14T13:58:10.246694+09:00,보신각,보신각,POI010,KEY_3,바쁜,125,2300000,2400000,50.2,49.8,0.0,9.8,32.8,26.1,10.6,20.7,82.7,17.3,20260814 1340
2026-08-14T13:58:10.246694+09:00,강남 MICE 관광특구,강남 MICE 관광특구,POI001,KEY_2,바쁜,70,1000000,1100000,35.9,64.1,0.0,10.3,51.9,20.1,12.7,5.0,73.6,26.4,20260814 1340
2026-08-14T13:58:10.246694+09:00,동대문 관광특구,동대문 관광특구,POI002,KEY_3,바쁜,75,1400000,1500000,49.6,50.4,0.0,11.9,24.5,23.4,34.1,6.1,78.6,21.4,20260814 1340
2026-08-14T13:58:10.246694+09:00,명동 관광특구,명동 관광특구,POI003,KEY_4,바쁜,1062,9600000,9700000,45.1,54.9,0.5,7.3,24.9,26.9,15.8,24.6,80.7,19.3,20260814 1340
2026-08-14T13:58:10.246694+09:00,이태원 관광특구,이태원 관광특구,POI004,KEY_1,보통,57,1000000,1100000,39.4,60.6,0.0,14.8,29.1,12.0,26.9,17.2,84.5,15.5,20260814 1340
2026-08-14T13:58:10.246694+09:00,잠실 관광특구,잠실 관광특구,POI005,KEY_2,보통,175,3000000,3100000,34.7,65.3,0.6,12.2,17.5,33.4,19.2,17.2,93.9,6.1,20260814 1340
2026-08-14T13:58:10.246694+09:00,종로·청계 관광특구,종로·청계 관광특구,POI006,KEY_3,분주한,319,9000000,9100000,53.9,46.1,0.0,6.2,28.0,17.4,11.4,37.0,85.9,14.1,20260814 1340
2026-08-14T13:58:10.246694+09:00,홍대 관광특구,홍대 관광특구,POI007,KEY_4,바쁜,348,6500000,6600000,40.4,59.6,2.4,28.8,25.6,16.3,8.7,18.1,86.2,13.8,20260814 1340
2026-08-14T13:58:10.246694+09:00,가락시장,가락시장,POI058,KEY_2,분주한,19,1200000,1300000,36.5,63.5,0.0,2.3,0.0,21.8,12.0,63.9,100.0,0.0,20260814 1340
2026-08-14T13:58:10.246694+09:00,가로수길,가로수길,POI059,KEY_3,바쁜,172,10000000,11000000,46.7,53.3,0.8,5.0,40.5,13.9,11.5,28.3,93.0,7.0,20260814 1340
2026-08-14T13:58:10.246694+09:00,광장(전통)시장,광장(전통)시장,POI060,KEY_4,분주한,51,3200000,3300000,51.0,49.0,0.0,3.2,41.1,3.5,5.9,46.3,93.6,6.4,20260814 1340
2026-08-14T13:58:10.246694+09:00,김포공항,김포공항,POI061,KEY_1,보통,16,100000,150000,59.5,40.5,10.3,3.2,19.8,17.5,16.7,32.5,100.0,0.0,20260814 1340
2026-08-14T13:58:10.246694+09:00,남대문시장,남대문시장,POI115,KEY_2,바쁜,104,2300000,2400000,40.6,59.4,0.0,3.5,18.5,23.0,12.3,42.7,90.5,9.5,20260814 1340
2026-08-14T13:58:10.246694+09:00,노량진,노량진,POI063,KEY_3,바쁜,106,800000,850000,49.3,50.7,0.0,40.5,10.6,10.8,28.6,9.5,90.5,9.5,20260814 1340
2026-08-14T13:58:10.246694+09:00,덕수궁길·정동길,덕수궁길·정동길,POI064,KEY_4,바쁜,43,950000,1000000,30.1,69.9,0.0,8.9,15.4,52.1,16.4,7.2,90.5,9.5,20260814 1340
2026-08-14T13:58:10.246694+09:00,북창동 먹자골목,북창동 먹자골목,POI114,KEY_1,바쁜,87,2100000,2200000,39.5,60.5,0.2,4.1,23.6,26.1,15.9,30.0,86.9,13.1,20260814 1340
2026-08-14T13:58:10.246694+09:00,북촌한옥마을,북촌한옥마을,POI066,KEY_2,바쁜,52,1100000,1200000,31.4,68.6,2.2,15.7,17.7,37.5,10.0,16.9,96.1,3.9,20260814 1340
2026-08-14T13:58:10.246694+09:00,서촌,서촌,POI067,KEY_3,바쁜,56,950000,1000000,56.5,43.5,0.2,8.2,37.2,18.0,26.6,9.8,84.8,15.2,20260814 1340
2026-08-14T13:58:10.246694+09:00,성수카페거리,성수카페거리,POI068,KEY_4,분주한,170,9200000,9300000,34.9,65.1,3.7,22.3,35.3,17.2,10.7,10.8,42.7,57.3,20260814 1340
2026-08-14T13:58:10.246694+09:00,송리단길·호수단길,송리단길·호수단길,POI121,KEY_1,바쁜,53,1200000,1300000,41.2,58.8,0.0,19.9,22.4,28.0,11.9,17.8,93.5,6.5,20260814 1340
2026-08-14T13:58:10.246694+09:00,신촌 스타광장,신촌 스타광장,POI122,KEY_2,보통,24,250000,300000,51.7,48.3,0.0,31.9,7.1,12.6,26.5,21.8,82.8,17.2,20260814 1340
2026-08-14T13:58:10.246694+09:00,압구정로데오거리,압구정로데오거리,POI071,KEY_3,보통,94,4600000,4700000,64.3,35.7,0.0,15.9,28.7,12.1,11.6,31.7,83.3,16.7,20260814 1340
2026-08-14T13:58:10.246694+09:00,여의도,여의도,POI072,KEY_4,분주한,398,12000000,13000000,56.6,43.4,0.6,4.8,31.6,27.2,20.9,15.0,79.6,20.4,20260814 1340
2026-08-14T13:58:10.246694+09:00,연남동,연남동,POI073,KEY_1,바쁜,63,1300000,1400000,51.1,48.9,0.8,18.5,29.6,28.6,9.7,12.7,89.5,10.5,20260814 1340
2026-08-14T13:58:10.246694+09:00,영등포 타임스퀘어,영등포 타임스퀘어,POI074,KEY_2,바쁜,143,3300000,3400000,43.5,56.5,0.0,9.5,20.0,20.4,17.6,32.5,95.1,4.9,20260814 1340
2026-08-14T13:58:10.246694+09:00,용리단길,용리단길,POI076,KEY_3,바쁜,16,1000000,1100000,32.8,67.2,0.0,38.6,21.6,29.9,10.0,0.0,22.4,77.6,20260814 1340
2026-08-14T13:58:10.246694+09:00,이태원 앤틱가구거리,이태원 앤틱가구거리,POI077,KEY_4,바쁜,21,250000,300000,73.6,26.4,0.0,24.4,24.0,8.4,21.2,22.0,93.3,6.7,20260814 1340
2026-08-14T13:58:10.246694+09:00,익선동,익선동,POI116,KEY_1,분주한,101,3500000,3600000,48.1,51.9,0.0,28.0,10.9,32.0,17.4,11.8,96.2,3.8,20260814 1340
2026-08-14T13:58:10.246694+09:00,인사동,인사동,POI078,KEY_2,분주한,94,2500000,2600000,46.7,53.3,0.0,2.5,32.0,24.4,19.0,22.1,67.6,32.4,20260814 1340
2026-08-14T13:58:10.246694+09:00,잠실롯데타워·석촌호수,잠실롯데타워·석촌호수,POI120,KEY_3,보통,149,2600000,2700000,39.8,60.2,0.7,12.3,16.6,33.4,17.0,20.0,92.9,7.1,20260814 1340
2026-08-14T13:58:10.246694+09:00,창동 신경제 중심지,창동 신경제 중심지,POI079,KEY_4,바쁜,189,5600000,5700000,37.0,63.0,0.1,7.0,14.1,15.2,32.9,30.6,96.4,3.6,20260814 1340
2026-08-14T13:58:10.246694+09:00,청담동 명품거리,청담동 명품거리,POI080,KEY_1,바쁜,41,1900000,2000000,73.6,26.4,0.0,15.3,33.4,26.9,15.2,9.1,76.2,23.8,20260814 1340
2026-08-14T13:58:10.246694+09:00,청량리 제기동 일대 전통시장,청량리 제기동 일대 전통시장,POI081,KEY_2,보통,36,550000,600000,56.4,43.6,0.0,0.0,9.0,22.2,7.7,61.1,97.5,2.5,20260814 1340
2026-08-14T13:58:10.246694+09:00,해방촌·경리단길,해방촌·경리단길,POI082,KEY_3,보통,23,250000,300000,40.3,59.7,0.0,10.4,36.6,17.9,35.1,0.0,51.0,49.0,20260814 1340
2026-08-14T13:58:10.246694+09:00,DDP(동대문디자인플라자),DDP(동대문디자인플라자),POI083,KEY_4,분주한,15,200000,250000,11.8,88.2,0.0,15.2,38.0,40.1,0.0,6.8,99.2,0.8,20260814 1340
2026-08-14T13:58:10.246694+09:00,DMC(디지털미디어시티),DMC(디지털미디어시티),POI084,KEY_1,바쁜,116,2100000,2200000,58.2,41.8,1.1,14.3,33.2,13.3,21.6,16.5,54.3,45.7,20260814 1340
2026-08-14T13:58:10.246694+09:00,가산디지털단지역,가산디지털단지역,POI013,KEY_2,분주한,176,3400000,3500000,46.2,53.8,2.9,5.6,39.5,16.0,17.4,18.7,80.0,20.0,20260814 1340
2026-08-14T13:58:10.246694+09:00,강남역,강남역,POI014,KEY_3,바쁜,390,15000000,16000000,48.2,51.8,0.4,19.9,16.8,49.1,10.5,3.4,92.0,8.0,20260814 1340
2026-08-14T13:58:10.246694+09:00,건대입구역,건대입구역,POI015,KEY_4,분주한,127,9100000,9200000,13.0,87.0,1.9,8.6,13.2,2.9,68.2,5.1,98.7,1.3,20260814 1340
2026-08-14T13:58:10.246694+09:00,고덕역,고덕역,POI016,KEY_1,한산한,15,200000,250000,57.1,42.9,0.0,0.4,3.6,68.0,13.9,14.1,92.7,7.3,20260814 1340
2026-08-14T13:58:10.246694+09:00,고속터미널역,고속터미널역,POI017,KEY_2,바쁜,154,2200000,2300000,31.5,68.5,1.3,9.2,17.1,30.7,17.6,24.1,97.2,2.8,20260814 1340
2026-08-14T13:58:10.246694+09:00,교대역,교대역,POI018,KEY_3,바쁜,136,2100000,2200000,51.8,48.2,0.0,11.1,18.3,21.8,19.2,29.6,69.6,30.4,20260814 1340
2026-08-14T13:58:10.246694+09:00,구로디지털단지역,구로디지털단지역,POI019,KEY_4,바쁜,133,2300000,2400000,40.1,59.9,0.0,5.3,26.0,35.3,14.7,18.7,89.0,11.0,20260814 1340
2026-08-14T13:58:10.246694+09:00,구로역,구로역,POI020,KEY_1,한산한,8,150000,200000,36.1,63.9,0.0,4.4,3.4,6.0,13.9,72.3,100.0,0.0,20260814 1340
2026-08-14T13:58:10.246694+09:00,군자역,군자역,POI021,KEY_2,보통,29,350000,400000,47.2,52.8,0.0,15.1,19.4,9.3,8.2,48.0,100.0,0.0,20260814 1340
2026-08-14T13:58:10.246694+09:00,대림역,대림역,POI023,KEY_3,보통,25,250000,300000,45.2,54.8,0.0,11.9,21.0,17.1,41.0,9.0,76.9,23.1,20260814 1340
2026-08-14T13:58:10.246694+09:00,동대문역,동대문역,POI024,KEY_4,바쁜,42,550000,600000,45.9,54.1,0.0,11.8,24.1,12.7,16.4,35.0,100.0,0.0,20260814 1340
2026-08-14T13:58:10.246694+09:00,뚝섬역,뚝섬역,POI025,KEY_1,바쁜,81,1500000,1600000,43.4,56.6,0.2,13.9,30.4,17.0,29.6,8.8,78.3,21.7,20260814 1340
2026-08-14T13:58:10.246694+09:00,미아사거리역,미아사거리역,POI026,KEY_2,보통,37,950000,1000000,30.9,69.1,0.5,2.3,5.5,19.3,39.0,33.3,82.8,17.2,20260814 1340
2026-08-14T13:58:10.246694+09:00,발산역,발산역,POI027,KEY_3,바쁜,127,3700000,3800000,36.9,63.1,0.0,6.8,26.1,20.2,11.8,35.2,92.6,7.4,20260814 1340
2026-08-14T13:58:10.246694+09:00,사당역,사당역,POI029,KEY_4,보통,70,1100000,1200000,76.9,23.1,0.0,8.5,14.7,12.0,18.8,46.0,88.3,11.7,20260814 1340
2026-08-14T13:58:10.246694+09:00,서울대입구역,서울대입구역,POI031,KEY_2,보통,74,750000,800000,49.9,50.1,0.0,15.9,21.3,25.2,13.9,23.7,87.6,12.4,20260814 1340
2026-08-14T13:58:10.246694+09:00,서울식물원·마곡나루역,서울식물원·마곡나루역,POI032,KEY_3,보통,50,550000,600000,58.7,41.3,0.0,28.3,20.4,17.7,14.6,19.1,77.3,22.7,20260814 1340
2026-08-14T13:58:10.246694+09:00,서울역,서울역,POI033,KEY_4,분주한,78,3200000,3300000,52.6,47.4,0.0,8.3,14.2,38.8,7.7,31.1,61.8,38.2,20260814 1340
2026-08-14T13:58:10.246694+09:00,선릉역,선릉역,POI034,KEY_1,바쁜,202,4300000,4400000,43.7,56.3,1.3,8.0,22.3,23.3,17.0,28.0,54.2,45.8,20260814 1340
2026-08-14T13:58:10.246694+09:00,성신여대입구역,성신여대입구역,POI035,KEY_2,보통,33,600000,650000,35.1,64.9,2.4,8.2,10.1,14.3,50.6,14.4,100.0,0.0,20260814 1340
2026-08-14T13:58:10.246694+09:00,수유역,수유역,POI036,KEY_3,보통,63,600000,650000,38.0,62.0,2.3,5.6,10.4,24.2,25.5,31.8,93.3,6.7,20260814 1340
2026-08-14T13:58:10.246694+09:00,신논현역·논현역,신논현역·논현역,POI037,KEY_2,보통,72,1000000,1100000,68.7,31.3,0.0,8.5,17.0,24.4,21.2,28.9,78.8,21.2,20260814 1340
2026-08-14T13:58:10.246694+09:00,신도림역,신도림역,POI038,KEY_3,보통,13,70000,80000,48.8,51.2,0.0,3.8,2.5,61.3,6.3,26.3,100.0,0.0,20260814 1340
2026-08-14T13:58:10.246694+09:00,신림역,신림역,POI039,KEY_4,보통,73,1200000,1300000,47.3,52.7,0.0,12.6,13.7,30.0,9.3,34.4,99.6,0.4,20260814 1340
2026-08-14T13:58:10.246694+09:00,신정네거리역,신정네거리역,POI117,KEY_1,한산한,17,200000,250000,55.1,44.9,0.0,3.0,11.1,20.7,33.3,31.8,97.1,2.9,20260814 1340
2026-08-14T13:58:10.246694+09:00,신촌·이대역,신촌·이대역,POI040,KEY_2,분주한,146,7700000,7800000,83.2,16.8,0.3,5.8,76.5,3.4,8.7,5.4,99.0,1.0,20260814 1340
2026-08-14T13:58:10.246694+09:00,쌍문역,쌍문역,POI070,KEY_3,보통,23,350000,400000,70.0,30.0,0.0,1.1,17.1,2.2,22.0,57.6,96.3,3.7,20260814 1340
2026-08-14T13:58:10.246694+09:00,양재역,양재역,POI041,KEY_4,보통,95,1600000,1700000,53.0,47.0,0.0,15.2,8.7,36.7,18.6,20.8,76.1,23.9,20260814 1340
2026-08-14T13:58:10.246694+09:00,역삼역,역삼역,POI042,KEY_1,바쁜,186,3300000,3400000,58.3,41.7,0.0,8.5,53.6,17.1,9.8,11.0,57.2,42.8,20260814 1340
2026-08-14T13:58:10.246694+09:00,연신내역,연신내역,POI043,KEY_2,보통,67,1300000,1400000,36.9,63.1,0.9,9.0,11.7,15.3,40.9,22.2,92.9,7.1,20260814 1340
2026-08-14T13:58:10.246694+09:00,오목교역·목동운동장,오목교역·목동운동장,POI044,KEY_3,바쁜,165,3700000,3800000,44.3,55.7,1.4,10.5,15.8,23.2,25.8,23.2,65.5,34.5,20260814 1340
2026-08-14T13:58:10.246694+09:00,왕십리역,왕십리역,POI045,KEY_4,바쁜,75,2300000,2400000,53.2,46.8,0.8,6.6,10.6,29.0,24.1,28.9,85.5,14.5,20260814 1340
2026-08-14T13:58:10.246694+09:00,용산역,용산역,POI046,KEY_1,분주한,173,3900000,4000000,43.9,56.1,0.1,10.4,19.3,27.3,26.9,15.9,93.5,6.5,20260814 1340
2026-08-14T13:58:10.246694+09:00,이태원역,이태원역,POI047,KEY_2,보통,26,250000,300000,68.0,32.0,0.0,11.9,34.0,11.9,23.2,19.1,67.4,32.6,20260814 1340
2026-08-14T13:58:10.246694+09:00,잠실새내역,잠실새내역,POI118,KEY_3,보통,88,1200000,1300000,49.1,50.9,0.9,7.8,8.0,25.8,21.2,36.3,82.6,17.4,20260814 1340
2026-08-14T13:58:10.246694+09:00,잠실역,잠실역,POI119,KEY_4,보통,96,1200000,1300000,33.6,66.4,1.4,6.6,18.6,28.6,15.9,28.9,91.5,8.5,20260814 1340
2026-08-14T13:58:10.246694+09:00,장지역,장지역,POI048,KEY_1,바쁜,60,1600000,1700000,41.2,58.8,0.0,4.2,15.7,18.1,7.9,54.1,76.8,23.2,20260814 1340
2026-08-14T13:58:10.246694+09:00,장한평역,장한평역,POI049,KEY_2,바쁜,32,450000,500000,59.1,40.9,0.0,19.7,5.6,33.1,20.8,20.8,59.8,40.2,20260814 1340
2026-08-14T13:58:10.246694+09:00,천호역,천호역,POI050,KEY_3,보통,77,1400000,1500000,34.4,65.6,0.9,4.1,17.3,21.8,28.1,27.9,97.7,2.3,20260814 1340
2026-08-14T13:58:10.246694+09:00,총신대입구(이수)역,총신대입구(이수)역,POI051,KEY_4,보통,71,1300000,1400000,57.1,42.9,1.2,0.2,7.2,33.3,12.3,45.7,96.9,3.1,20260814 1340
2026-08-14T13:58:10.246694+09:00,충정로역,충정로역,POI052,KEY_1,바쁜,13,150000,200000,46.5,53.5,0.0,0.0,3.5,2.9,29.7,64.0,100.0,0.0,20260814 1340
2026-08-14T13:58:10.246694+09:00,합정역,합정역,POI053,KEY_2,바쁜,72,1100000,1200000,43.0,57.0,0.2,18.0,45.2,2.7,19.8,14.1,97.7,2.3,20260814 1340
2026-08-14T13:58:10.246694+09:00,혜화역,혜화역,POI054,KEY_3,보통,91,1500000,1600000,47.5,52.5,0.1,21.7,15.4,30.6,14.2,17.9,95.4,4.6,20260814 1340
2026-08-14T13:58:10.246694+09:00,홍대입구역(2호선),홍대입구역(2호선),POI055,KEY_4,보통,64,1300000,1400000,44.1,55.9,0.7,31.8,23.7,25.5,3.9,14.4,77.7,22.3,20260814 1340
2026-08-14T13:58:10.246694+09:00,회기역,회기역,POI056,KEY_1,보통,36,350000,400000,49.2,50.8,0.0,7.5,9.0,17.8,10.8,54.8,100.0,0.0,20260814 1340
2026-08-14T15:23:46.103715+09:00,광화문·덕수궁,광화문·덕수궁,POI009,KEY_2,보통,188,3600000,3700000,46.5,53.5,1.2,15.9,13.8,28.1,19.4,21.8,83.0,17.0,20260814 1510
2026-08-14T15:23:46.103715+09:00,보신각,보신각,POI010,KEY_3,보통,76,1600000,1700000,39.8,60.2,2.8,6.9,34.5,32.6,13.3,9.9,79.5,20.5,20260814 1510
2026-08-14T15:23:46.103715+09:00,강남 MICE 관광특구,강남 MICE 관광특구,POI001,KEY_2,보통,72,700000,750000,32.7,67.3,0.0,16.4,40.8,18.3,4.1,20.3,85.2,14.8,20260814 1510
2026-08-14T15:23:46.103715+09:00,동대문 관광특구,동대문 관광특구,POI002,KEY_3,보통,67,550000,600000,42.8,57.2,0.0,11.6,24.6,22.9,20.6,20.3,98.2,1.8,20260814 1510
2026-08-14T15:23:46.103715+09:00,명동 관광특구,명동 관광특구,POI003,KEY_4,바쁜,720,8000000,8100000,44.7,55.3,0.4,9.8,20.0,21.9,31.6,16.2,76.3,23.7,20260814 1510
2026-08-14T15:23:46.103715+09:00,이태원 관광특구,이태원 관광특구,POI004,KEY_1,보통,47,900000,950000,29.3,70.7,0.0,21.7,50.3,14.1,7.1,6.7,97.8,2.2,20260814 1510
2026-08-14T15:23:46.103715+09:00,잠실 관광특구,잠실 관광특구,POI005,KEY_2,보통,187,2400000,2500000,30.4,69.6,1.1,13.7,25.1,9.7,25.1,25.3,92.9,7.1,20260814 1510
2026-08-14T15:23:46.103715+09:00,종로·청계 관광특구,종로·청계 관광특구,POI006,KEY_3,바쁜,267,8200000,8300000,41.7,58.3,0.2,10.7,34.2,23.3,15.3,16.2,94.1,5.9,20260814 1510
2026-08-14T15:23:46.103715+09:00,홍대 관광특구,홍대 관광특구,POI007,KEY_4,보통,311,5900000,6000000,38.7,61.3,2.3,36.4,21.0,15.6,16.1,8.6,96.1,3.9,20260814 1510
2026-08-14T15:23:46.103715+09:00,가락시장,가락시장,POI058,KEY_2,바쁜,21,800000,850000,76.0,24.0,0.0,0.0,5.2,24.0,57.5,13.3,100.0,0.0,20260814 1510
2026-08-14T15:23:46.103715+09:00,가로수길,가로수길,POI059,KEY_3,바쁜,116,9600000,9700000,34.0,66.0,0.8,2.7,34.6,7.5,45.6,8.9,99.1,0.9,20260814 1510
2026-08-14T15:23:46.103715+09:00,광장(전통)시장,광장(전통)시장,POI060,KEY_4,바쁜,48,2000000,2100000,59.8,40.2,0.0,0.9,31.4,28.4,11.7,27.6,100.0,0.0,20260814 1510
2026-08-14T15:23:46.103715+09:00,김포공항,김포공항,POI061,KEY_1,바쁜,25,150000,200000,52.2,47.8,1.6,4.3,9.7,21.0,9.7,53.8,97.4,2.6,20260814 1510
2026-08-14T15:23:46.103715+09:00,남대문시장,남대문시장,POI115,KEY_2,바쁜,66,1900000,2000000,46.8,53.2,0.0,2.8,8.3,20.2,43.6,25.1,100.0,0.0,20260814 1510
2026-08-14T15:23:46.103715+09:00,노량진,노량진,POI063,KEY_3,보통,44,250000,300000,49.0,51.0,0.0,25.1,29.6,8.6,22.2,14.4,90.0,10.0,20260814 1510
2026-08-14T15:23:46.103715+09:00,덕수궁길·정동길,덕수궁길·정동길,POI064,KEY_4,바쁜,19,350000,400000,39.3,60.7,0.0,0.0,8.2,18.7,59.4,13.7,58.8,41.2,20260814 1510
2026-08-14T15:23:46.103715+09:00,북창동 먹자골목,북창동 먹자골목,POI114,KEY_1,보통,47,650000,700000,37.0,63.0,0.0,3.4,18.4,44.7,28.8,4.7,76.2,23.8,20260814 1510
2026-08-14T15:23:46.103715+09:00,북촌한옥마을,북촌한옥마을,POI066,KEY_2,보통,59,700000,750000,27.3,72.7,4.4,13.1,17.4,27.0,27.2,10.9,97.5,2.5,20260814 1510
2026-08-14T15:23:46.103715+09:00,서촌,서촌,POI067,KEY_3,바쁜,40,1300000,1400000,53.7,46.3,0.0,27.6,33.2,22.4,13.3,3.6,48.4,51.6,20260814 1510
2026-08-14T15:23:46.103715+09:00,성수카페거리,성수카페거리,POI068,KEY_4,분주한,142,6000000,6100000,18.6,81.4,2.1,12.5,16.6,9.3,45.2,14.3,95.2,4.8,20260814 1510
2026-08-14T15:23:46.103715+09:00,송리단길·호수단길,송리단길·호수단길,POI121,KEY_1,한산한,19,350000,400000,42.9,57.1,0.0,4.8,19.8,2.5,41.2,31.6,100.0,0.0,20260814 1510
2026-08-14T15:23:46.103715+09:00,신촌 스타광장,신촌 스타광장,POI122,KEY_2,바쁜,22,650000,700000,14.5,85.5,0.0,42.4,38.4,12.6,4.4,2.3,100.0,0.0,20260814 1510
2026-08-14T15:23:46.103715+09:00,압구정로데오거리,압구정로데오거리,POI071,KEY_3,바쁜,100,8000000,8100000,28.0,72.0,0.0,14.1,11.3,46.5,25.8,2.3,92.1,7.9,20260814 1510
2026-08-14T15:23:46.103715+09:00,여의도,여의도,POI072,KEY_4,바쁜,247,8200000,8300000,26.0,74.0,1.1,3.4,21.4,49.2,13.7,11.2,83.5,16.5,20260814 1510
2026-08-14T15:23:46.103715+09:00,연남동,연남동,POI073,KEY_1,보통,56,850000,900000,30.3,69.7,7.0,44.2,14.2,8.7,24.3,1.7,93.0,7.0,20260814 1510
2026-08-14T15:23:46.103715+09:00,영등포 타임스퀘어,영등포 타임스퀘어,POI074,KEY_2,분주한,126,5800000,5900000,52.6,47.4,0.2,3.0,4.8,35.4,8.6,47.9,98.2,1.8,20260814 1510
2026-08-14T15:23:46.103715+09:00,용리단길,용리단길,POI076,KEY_3,한산한,11,250000,300000,57.5,42.5,0.0,0.0,63.4,12.2,24.4,0.0,95.5,4.5,20260814 1510
2026-08-14T15:23:46.103715+09:00,이태원 앤틱가구거리,이태원 앤틱가구거리,POI077,KEY_4,한산한,6,100000,150000,62.4,37.6,0.0,35.8,34.9,29.4,0.0,0.0,84.6,15.4,20260814 1510
2026-08-14T15:23:46.103715+09:00,익선동,익선동,POI116,KEY_1,바쁜,51,1900000,2000000,51.3,48.7,0.0,8.3,42.9,31.3,8.9,8.6,99.5,0.5,20260814 1510
2026-08-14T15:23:46.103715+09:00,인사동,인사동,POI078,KEY_2,보통,64,900000,950000,38.6,61.4,9.5,5.3,13.1,36.7,16.4,19.1,77.6,22.4,20260814 1510
2026-08-14T15:23:46.103715+09:00,잠실롯데타워·석촌호수,잠실롯데타워·석촌호수,POI120,KEY_3,보통,148,2200000,2300000,29.3,70.7,0.7,12.2,24.4,8.6,26.7,27.3,93.0,7.0,20260814 1510
2026-08-14T15:23:46.103715+09:00,창동 신경제 중심지,창동 신경제 중심지,POI079,KEY_4,바쁜,188,5600000,5700000,43.3,56.7,0.2,6.5,20.4,14.0,23.1,35.8,98.9,1.1,20260814 1510
2026-08-14T15:23:46.103715+09:00,청담동 명품거리,청담동 명품거리,POI080,KEY_1,보통,24,800000,850000,24.1,75.9,0.0,12.5,29.1,51.0,6.6,0.9,54.7,45.3,20260814 1510
2026-08-14T15:23:46.103715+09:00,청량리 제기동 일대 전통시장,청량리 제기동 일대 전통시장,POI081,KEY_2,보통,44,650000,700000,49.7,50.3,0.0,3.0,26.1,6.4,35.5,29.1,94.5,5.5,20260814 1510
2026-08-14T15:23:46.103715+09:00,해방촌·경리단길,해방촌·경리단길,POI082,KEY_3,한산한,10,100000,150000,20.4,79.6,0.0,55.1,16.3,0.0,28.6,0.0,100.0,0.0,20260814 1510
2026-08-14T15:23:46.103715+09:00,DDP(동대문디자인플라자),DDP(동대문디자인플라자),POI083,KEY_4,보통,13,100000,150000,11.4,88.6,0.0,13.3,9.5,42.9,23.8,10.5,100.0,0.0,20260814 1510
2026-08-14T15:23:46.103715+09:00,DMC(디지털미디어시티),DMC(디지털미디어시티),POI084,KEY_1,보통,66,800000,850000,42.7,57.3,0.0,21.2,17.1,19.5,31.2,11.1,87.6,12.4,20260814 1510
2026-08-14T15:23:46.103715+09:00,가산디지털단지역,가산디지털단지역,POI013,KEY_2,보통,81,1500000,1600000,44.4,55.6,0.4,4.7,17.5,21.6,33.3,22.6,96.3,3.7,20260814 1510
2026-08-14T15:23:46.103715+09:00,강남역,강남역,POI014,KEY_3,분주한,308,19000000,20000000,35.1,64.9,0.1,32.2,22.3,17.1,20.7,7.5,99.0,1.0,20260814 1510
2026-08-14T15:23:46.103715+09:00,건대입구역,건대입구역,POI015,KEY_4,바쁜,127,4500000,4600000,20.1,79.9,0.5,4.6,9.4,17.6,59.4,8.4,97.1,2.9,20260814 1510
2026-08-14T15:23:46.103715+09:00,고덕역,고덕역,POI016,KEY_1,분주한,56,3400000,3500000,20.3,79.7,0.2,1.0,0.8,4.2,5.3,88.4,99.1,0.9,20260814 1510
2026-08-14T15:23:46.103715+09:00,고속터미널역,고속터미널역,POI017,KEY_2,분주한,129,3100000,3200000,26.3,73.7,0.0,6.5,7.1,58.6,12.3,15.6,98.3,1.7,20260814 1510
2026-08-14T15:23:46.103715+09:00,교대역,교대역,POI018,KEY_3,보통,49,950000,1000000,74.6,25.4,0.0,9.4,8.3,3.9,38.6,39.8,92.7,7.3,20260814 1510
2026-08-14T15:23:46.103715+09:00,구로디지털단지역,구로디지털단지역,POI019,KEY_4,바쁜,76,1800000,1900000,24.5,75.5,0.1,46.4,19.6,4.5,23.2,6.3,97.2,2.8,20260814 1510
2026-08-14T15:23:46.103715+09:00,구로역,구로역,POI020,KEY_1,한산한,5,90000,100000,42.2,57.8,0.0,7.6,9.4,30.8,14.5,37.6,100.0,0.0,20260814 1500
2026-08-14T15:23:46.103715+09:00,군자역,군자역,POI021,KEY_2,보통,32,400000,450000,24.7,75.3,0.0,4.7,12.0,42.4,17.7,23.2,92.3,7.7,20260814 1510
2026-08-14T15:23:46.103715+09:00,대림역,대림역,POI023,KEY_3,한산한,13,100000,150000,67.8,32.2,0.0,0.9,9.6,17.4,21.7,50.4,100.0,0.0,20260814 1510
2026-08-14T15:23:46.103715+09:00,동대문역,동대문역,POI024,KEY_4,바쁜,25,300000,350000,24.3,75.7,0.0,20.1,18.3,15.1,32.0,14.4,93.4,6.6,20260814 1510
2026-08-14T15:23:46.103715+09:00,뚝섬역,뚝섬역,POI025,KEY_1,바쁜,69,1000000,1100000,28.5,71.5,0.1,9.4,30.4,18.7,14.9,26.5,99.0,1.0,20260814 1510
2026-08-14T15:23:46.103715+09:00,미아사거리역,미아사거리역,POI026,KEY_2,분주한,52,3000000,3100000,49.2,50.8,0.0,16.0,26.5,8.1,40.1,9.3,99.1,0.9,20260814 1510
2026-08-14T15:23:46.103715+09:00,발산역,발산역,POI027,KEY_3,보통,89,2800000,2900000,42.3,57.7,0.0,5.4,23.8,12.5,27.0,31.2,96.7,3.3,20260814 1510
2026-08-14T15:23:46.103715+09:00,사당역,사당역,POI029,KEY_4,바쁜,62,1700000,1800000,60.3,39.7,0.0,3.2,19.9,24.7,3.5,48.7,65.0,35.0,20260814 1510
2026-08-14T15:23:46.103715+09:00,서울대입구역,서울대입구역,POI031,KEY_2,보통,71,1100000,1200000,31.9,68.1,0.0,15.3,17.6,12.3,29.3,25.4,97.9,2.1,20260814 1510
2026-08-14T15:23:46.103715+09:00,서울식물원·마곡나루역,서울식물원·마곡나루역,POI032,KEY_3,한산한,39,300000,350000,53.2,46.8,0.0,5.7,38.2,36.0,6.1,14.0,100.0,0.0,20260814 1510
2026-08-14T15:23:46.103715+09:00,서울역,서울역,POI033,KEY_4,바쁜,64,2200000,2300000,23.9,76.1,0.0,5.3,22.5,31.6,22.7,17.9,96.1,3.9,20260814 1510
2026-08-14T15:23:46.103715+09:00,선릉역,선릉역,POI034,KEY_1,분주한,113,9000000,9100000,50.2,49.8,0.0,2.1,45.0,44.1,4.2,4.6,92.0,8.0,20260814 1510
2026-08-14T15:23:46.103715+09:00,성신여대입구역,성신여대입구역,POI035,KEY_2,보통,58,800000,850000,20.8,79.2,0.7,16.1,8.0,8.7,40.4,26.0,100.0,0.0,20260814 1510
2026-08-14T15:23:46.103715+09:00,수유역,수유역,POI036,KEY_3,분주한,74,1900000,2000000,58.2,41.8,0.4,7.5,5.2,14.5,27.8,44.7,100.0,0.0,20260814 1510
2026-08-14T15:23:46.103715+09:00,신논현역·논현역,신논현역·논현역,POI037,KEY_2,보통,58,2400000,2500000,50.7,49.3,0.0,43.8,8.7,19.2,26.9,1.5,99.5,0.5,20260814 1510
2026-08-14T15:23:46.103715+09:00,신도림역,신도림역,POI038,KEY_3,한산한,6,10000,20000,27.3,72.7,18.2,9.1,9.1,0.0,18.2,45.5,100.0,0.0,20260814 1510
2026-08-14T15:23:46.103715+09:00,신림역,신림역,POI039,KEY_4,보통,84,1500000,1600000,37.5,62.5,1.1,8.2,27.4,34.1,16.0,13.1,99.2,0.8,20260814 1510
2026-08-14T15:23:46.103715+09:00,신정네거리역,신정네거리역,POI117,KEY_1,분주한,26,750000,800000,10.1,89.9,0.0,4.6,5.1,9.3,2.7,78.3,99.6,0.4,20260814 1510
2026-08-14T15:23:46.103715+09:00,신촌·이대역,신촌·이대역,POI040,KEY_2,바쁜,132,2500000,2600000,37.4,62.6,0.1,33.3,22.0,15.2,10.8,18.7,86.2,13.8,20260814 1510
2026-08-14T15:23:46.103715+09:00,쌍문역,쌍문역,POI070,KEY_3,바쁜,51,650000,700000,51.8,48.2,0.0,5.2,2.9,29.7,8.9,53.2,99.5,0.5,20260814 1510
2026-08-14T15:23:46.103715+09:00,양재역,양재역,POI041,KEY_4,바쁜,49,1700000,1800000,87.3,12.7,0.0,3.4,39.1,3.1,16.3,38.1,97.6,2.4,20260814 1510
2026-08-14T15:23:46.103715+09:00,역삼역,역삼역,POI042,KEY_1,바쁜,121,2400000,2500000,67.8,32.2,0.4,6.2,17.4,45.0,11.4,19.6,81.9,18.1,20260814 1510
2026-08-14T15:23:46.103715+09:00,연신내역,연신내역,POI043,KEY_2,한산한,49,400000,450000,37.4,62.6,0.2,13.2,12.1,33.4,24.7,16.4,100.0,0.0,20260814 1510
2026-08-14T15:23:46.103715+09:00,오목교역·목동운동장,오목교역·목동운동장,POI044,KEY_3,바쁜,159,4400000,4500000,55.2,44.8,0.6,2.8,7.4,29.2,24.4,35.6,92.0,8.0,20260814 1510
2026-08-14T15:23:46.103715+09:00,왕십리역,왕십리역,POI045,KEY_4,분주한,75,14000000,15000000,46.1,53.9,0.5,9.7,5.0,26.6,9.8,48.5,5.8,94.2,20260814 1510
2026-08-14T15:23:46.103715+09:00,용산역,용산역,POI046,KEY_1,바쁜,171,3000000,3100000,40.0,60.0,0.6,15.6,26.8,18.5,16.9,21.6,96.6,3.4,20260814 1510
2026-08-14T15:23:46.103715+09:00,이태원역,이태원역,POI047,KEY_2,한산한,7,100000,150000,65.5,34.5,0.0,41.2,31.9,26.9,0.0,0.0,85.6,14.4,20260814 1510
2026-08-14T15:23:46.103715+09:00,잠실새내역,잠실새내역,POI118,KEY_3,바쁜,91,2900000,3000000,34.6,65.4,0.2,5.9,32.4,32.7,6.7,21.9,98.7,1.3,20260814 1510
2026-08-14T15:23:46.103715+09:00,잠실역,잠실역,POI119,KEY_4,바쁜,114,1700000,1800000,28.1,71.9,0.6,12.0,14.3,8.2,30.5,34.5,92.7,7.3,20260814 1510
2026-08-14T15:23:46.103715+09:00,장지역,장지역,POI048,KEY_1,보통,42,1300000,1400000,56.8,43.2,0.0,1.2,11.9,40.8,21.4,24.8,98.9,1.1,20260814 1510
2026-08-14T15:23:46.103715+09:00,장한평역,장한평역,POI049,KEY_2,바쁜,21,350000,400000,75.2,24.8,2.5,1.3,2.8,22.3,17.8,53.4,100.0,0.0,20260814 1510
2026-08-14T15:23:46.103715+09:00,천호역,천호역,POI050,KEY_3,바쁜,78,2200000,2300000,29.2,70.8,0.0,2.7,30.1,11.8,27.9,27.6,99.1,0.9,20260814 1510
2026-08-14T15:23:46.103715+09:00,총신대입구(이수)역,총신대입구(이수)역,POI051,KEY_4,분주한,46,3500000,3600000,54.5,45.5,0.0,2.9,2.5,77.9,6.1,10.7,99.4,0.6,20260814 1510
2026-08-14T15:23:46.103715+09:00,충정로역,충정로역,POI052,KEY_1,한산한,5,30000,40000,86.7,13.3,0.0,0.0,86.7,0.0,13.3,0.0,100.0,0.0,20260814 1510
2026-08-14T15:23:46.103715+09:00,합정역,합정역,POI053,KEY_2,바쁜,36,850000,900000,43.7,56.3,0.0,9.0,40.4,7.1,37.5,5.9,90.3,9.7,20260814 1510
2026-08-14T15:23:46.103715+09:00,혜화역,혜화역,POI054,KEY_3,보통,56,1200000,1300000,17.1,82.9,0.0,9.1,5.6,65.6,12.2,7.5,100.0,0.0,20260814 1510
2026-08-14T15:23:46.103715+09:00,홍대입구역(2호선),홍대입구역(2호선),POI055,KEY_4,보통,46,900000,950000,63.7,36.3,1.2,12.8,15.3,48.8,20.6,1.3,97.5,2.5,20260814 1510
2026-08-14T15:23:46.103715+09:00,회기역,회기역,POI056,KEY_1,분주한,31,900000,950000,58.6,41.4,0.0,4.4,10.3,19.8,34.4,31.1,29.3,70.7,20260814 1510
2026-08-14T17:25:36.694993+09:00,광화문·덕수궁,광화문·덕수궁,POI009,KEY_2,바쁜,139,4400000,4500000,32.0,68.0,0.5,13.7,52.0,16.3,11.7,5.8,94.9,5.1,20260814 1710
2026-08-14T17:25:36.694993+09:00,보신각,보신각,POI010,KEY_3,보통,68,1100000,1200000,55.1,44.9,2.2,22.3,13.0,31.5,23.2,7.9,98.8,1.2,20260814 1710
2026-08-14T17:25:36.694993+09:00,강남 MICE 관광특구,강남 MICE 관광특구,POI001,KEY_2,보통,55,650000,700000,30.3,69.7,0.0,36.4,18.4,31.4,12.7,1.1,79.4,20.6,20260814 1710
2026-08-14T17:25:36.694993+09:00,동대문 관광특구,동대문 관광특구,POI002,KEY_3,보통,48,450000,500000,69.5,30.5,9.1,16.3,18.7,6.6,42.4,7.0,100.0,0.0,20260814 1710
2026-08-14T17:25:36.694993+09:00,명동 관광특구,명동 관광특구,POI003,KEY_4,바쁜,551,8800000,8900000,51.4,48.6,1.1,21.3,15.7,36.6,14.1,11.2,91.9,8.1,20260814 1710
2026-08-14T17:25:36.694993+09:00,이태원 관광특구,이태원 관광특구,POI004,KEY_1,보통,30,950000,1000000,35.7,64.3,0.0,25.9,4.0,19.8,30.0,20.2,99.1,0.9,20260814 1710
2026-08-14T17:25:36.694993+09:00,잠실 관광특구,잠실 관광특구,POI005,KEY_2,바쁜,191,3500000,3600000,28.0,72.0,0.2,27.7,16.8,13.7,25.6,16.0,90.9,9.1,20260814 1710
2026-08-14T17:25:36.694993+09:00,종로·청계 관광특구,종로·청계 관광특구,POI006,KEY_3,바쁜,250,5900000,6000000,48.2,51.8,0.9,16.8,13.8,32.7,23.0,12.8,97.2,2.8,20260814 1710
2026-08-14T17:25:36.694993+09:00,홍대 관광특구,홍대 관광특구,POI007,KEY_4,바쁜,384,7700000,7800000,45.9,54.1,3.8,27.3,21.3,24.4,12.7,10.6,94.3,5.7,20260814 1710
2026-08-14T17:25:36.694993+09:00,가락시장,가락시장,POI058,KEY_2,분주한,31,1000000,1100000,55.8,44.2,0.2,0.0,6.0,46.0,3.0,44.8,97.2,2.8,20260814 1710
2026-08-14T17:25:36.694993+09:00,가로수길,가로수길,POI059,KEY_3,분주한,125,16000000,17000000,7.7,92.3,0.2,3.9,13.1,74.5,1.5,6.9,99.4,0.6,20260814 1710
2026-08-14T17:25:36.694993+09:00,광장(전통)시장,광장(전통)시장,POI060,KEY_4,보통,43,1300000,1400000,50.8,49.2,0.0,12.0,20.2,16.1,33.5,18.3,96.4,3.6,20260814 1710
2026-08-14T17:25:36.694993+09:00,김포공항,김포공항,POI061,KEY_1,한산한,4,10000,20000,100.0,0.0,0.0,11.8,58.8,0.0,29.4,0.0,100.0,0.0,20260814 1710
2026-08-14T17:25:36.694993+09:00,남대문시장,남대문시장,POI115,KEY_2,바쁜,36,1000000,1100000,18.4,81.6,0.0,0.7,6.2,63.6,6.9,22.7,99.3,0.7,20260814 1710
2026-08-14T17:25:36.694993+09:00,노량진,노량진,POI063,KEY_3,바쁜,53,750000,800000,67.6,32.4,0.4,3.6,11.9,12.1,54.6,17.3,58.2,41.8,20260814 1710
2026-08-14T17:25:36.694993+09:00,덕수궁길·정동길,덕수궁길·정동길,POI064,KEY_4,한산한,16,100000,150000,60.5,39.5,0.0,17.1,10.9,24.0,29.5,18.6,100.0,0.0,20260814 1710
2026-08-14T17:25:36.694993+09:00,북창동 먹자골목,북창동 먹자골목,POI114,KEY_1,한산한,14,70000,80000,39.6,60.4,0.0,41.9,19.2,25.0,8.1,5.8,97.5,2.5,20260814 1710
2026-08-14T17:25:36.694993+09:00,북촌한옥마을,북촌한옥마을,POI066,KEY_2,보통,35,650000,700000,35.8,64.2,0.0,19.8,20.3,28.6,20.8,10.6,93.0,7.0,20260814 1710
2026-08-14T17:25:36.694993+09:00,서촌,서촌,POI067,KEY_3,바쁜,47,900000,950000,18.8,81.2,3.0,41.4,19.9,13.6,14.5,7.7,89.4,10.6,20260814 1710
2026-08-14T17:25:36.694993+09:00,성수카페거리,성수카페거리,POI068,KEY_4,바쁜,136,3500000,3600000,24.7,75.3,1.0,35.0,13.3,23.6,12.0,15.2,94.8,5.2,20260814 1710
2026-08-14T17:25:36.694993+09:00,송리단길·호수단길,송리단길·호수단길,POI121,KEY_1,한산한,34,350000,400000,35.0,65.0,0.0,40.9,11.9,9.5,27.6,10.1,95.2,4.8,20260814 1710
2026-08-14T17:25:36.694993+09:00,신촌 스타광장,신촌 스타광장,POI122,KEY_2,분주한,24,2100000,2200000,95.8,4.2,0.0,25.8,4.4,67.2,1.6,0.9,100.0,0.0,20260814 1710
2026-08-14T17:25:36.694993+09:00,압구정로데오거리,압구정로데오거리,POI071,KEY_3,바쁜,63,6100000,6200000,16.6,83.4,0.0,16.7,58.5,10.7,5.9,8.2,98.0,2.0,20260814 1710
2026-08-14T17:25:36.694993+09:00,여의도,여의도,POI072,KEY_4,보통,192,4500000,4600000,51.1,48.9,1.3,6.1,28.8,42.0,12.8,9.0,87.6,12.4,20260814 1710
2026-08-14T17:25:36.694993+09:00,연남동,연남동,POI073,KEY_1,보통,52,800000,850000,57.3,42.7,5.6,19.9,29.4,17.3,20.4,7.3,95.5,4.5,20260814 1710
2026-08-14T17:25:36.694993+09:00,영등포 타임스퀘어,영등포 타임스퀘어,POI074,KEY_2,바쁜,145,4400000,4500000,56.8,43.2,0.2,23.7,27.0,18.2,23.8,7.1,99.9,0.1,20260814 1710
2026-08-14T17:25:36.694993+09:00,용리단길,용리단길,POI076,KEY_3,한산한,10,100000,150000,56.9,43.1,0.0,75.6,24.4,0.0,0.0,0.0,91.9,8.1,20260814 1710
2026-08-14T17:25:36.694993+09:00,이태원 앤틱가구거리,이태원 앤틱가구거리,POI077,KEY_4,한산한,8,100000,150000,55.6,44.4,0.0,52.4,0.0,20.6,20.6,6.3,46.3,53.7,20260814 1700
2026-08-14T17:25:36.694993+09:00,익선동,익선동,POI116,KEY_1,한산한,32,450000,500000,75.2,24.8,2.1,26.6,10.7,6.3,9.0,45.4,72.8,27.2,20260814 1710
2026-08-14T17:25:36.694993+09:00,인사동,인사동,POI078,KEY_2,보통,54,750000,800000,38.5,61.5,0.0,19.1,21.2,14.5,19.5,25.7,96.4,3.6,20260814 1710
2026-08-14T17:25:36.694993+09:00,잠실롯데타워·석촌호수,잠실롯데타워·석촌호수,POI120,KEY_3,바쁜,173,3400000,3500000,27.1,72.9,0.2,28.3,16.1,13.9,26.1,15.4,91.0,9.0,20260814 1710
2026-08-14T17:25:36.694993+09:00,창동 신경제 중심지,창동 신경제 중심지,POI079,KEY_4,바쁜,206,5200000,5300000,34.0,66.0,0.4,7.9,18.6,18.3,22.5,32.3,99.8,0.2,20260814 1710
2026-08-14T17:25:36.694993+09:00,청담동 명품거리,청담동 명품거리,POI080,KEY_1,분주한,22,4300000,4400000,13.9,86.1,0.0,21.1,65.3,7.3,2.1,4.2,100.0,0.0,20260814 1710
2026-08-14T17:25:36.694993+09:00,청량리 제기동 일대 전통시장,청량리 제기동 일대 전통시장,POI081,KEY_2,바쁜,39,1100000,1200000,44.2,55.8,0.0,0.5,14.8,6.8,43.7,34.1,97.3,2.7,20260814 1710
2026-08-14T17:25:36.694993+09:00,해방촌·경리단길,해방촌·경리단길,POI082,KEY_3,보통,11,250000,300000,61.7,38.3,23.1,54.2,17.0,2.7,3.0,0.0,100.0,0.0,20260814 1710
2026-08-14T17:25:36.694993+09:00,DDP(동대문디자인플라자),DDP(동대문디자인플라자),POI083,KEY_4,한산한,10,70000,80000,53.6,46.4,8.7,39.1,40.6,10.1,1.4,0.0,100.0,0.0,20260814 1710
2026-08-14T17:25:36.694993+09:00,DMC(디지털미디어시티),DMC(디지털미디어시티),POI084,KEY_1,바쁜,68,1100000,1200000,39.8,60.2,0.0,15.0,37.3,22.0,17.6,8.1,83.6,16.4,20260814 1710
2026-08-14T17:25:36.694993+09:00,가산디지털단지역,가산디지털단지역,POI013,KEY_2,보통,66,1800000,1900000,28.6,71.4,0.0,4.3,16.6,11.9,54.6,12.5,98.5,1.5,20260814 1710
2026-08-14T17:25:36.694993+09:00,강남역,강남역,POI014,KEY_3,바쁜,290,15000000,16000000,16.4,83.6,2.6,24.1,51.8,6.6,11.5,3.4,98.7,1.3,20260814 1710
2026-08-14T17:25:36.694993+09:00,건대입구역,건대입구역,POI015,KEY_4,보통,124,2200000,2300000,54.6,45.4,0.9,13.4,28.7,11.9,28.0,17.0,94.3,5.7,20260814 1710
2026-08-14T17:25:36.694993+09:00,고덕역,고덕역,POI016,KEY_1,분주한,31,1400000,1500000,27.5,72.5,0.0,0.8,12.8,56.7,16.5,13.2,100.0,0.0,20260814 1710
2026-08-14T17:25:36.694993+09:00,고속터미널역,고속터미널역,POI017,KEY_2,보통,142,1400000,1500000,32.0,68.0,2.4,13.8,19.9,14.8,32.3,16.9,94.2,5.8,20260814 1710
2026-08-14T17:25:36.694993+09:00,교대역,교대역,POI018,KEY_3,보통,48,1000000,1100000,49.1,50.9,0.0,9.5,45.4,20.4,5.9,18.8,90.1,9.9,20260814 1710
2026-08-14T17:25:36.694993+09:00,구로디지털단지역,구로디지털단지역,POI019,KEY_4,보통,58,1400000,1500000,35.7,64.3,0.0,33.0,46.2,11.6,3.5,5.8,100.0,0.0,20260814 1710
2026-08-14T17:25:36.694993+09:00,구로역,구로역,POI020,KEY_1,한산한,4,20000,30000,22.1,77.9,0.0,9.4,14.2,5.6,47.5,23.4,100.0,0.0,20260814 1710
2026-08-14T17:25:36.694993+09:00,군자역,군자역,POI021,KEY_2,보통,26,550000,600000,34.0,66.0,0.0,2.8,9.5,8.0,74.7,5.0,97.6,2.4,20260814 1710
2026-08-14T17:25:36.694993+09:00,대림역,대림역,POI023,KEY_3,분주한,39,1800000,1900000,16.9,83.1,0.1,1.7,4.0,10.7,6.4,77.1,97.8,2.2,20260814 1710
2026-08-14T17:25:36.694993+09:00,동대문역,동대문역,POI024,KEY_4,바쁜,15,300000,350000,57.0,43.0,0.0,0.0,17.7,19.6,17.4,45.3,84.1,15.9,20260814 1710
2026-08-14T17:25:36.694993+09:00,뚝섬역,뚝섬역,POI025,KEY_1,보통,46,550000,600000,54.5,45.5,0.0,12.8,29.9,22.6,29.1,5.6,89.4,10.6,20260814 1710
2026-08-14T17:25:36.694993+09:00,미아사거리역,미아사거리역,POI026,KEY_2,분주한,65,3400000,3500000,70.4,29.6,0.6,8.1,8.7,16.4,18.0,48.3,100.0,0.0,20260814 1710
2026-08-14T17:25:36.694993+09:00,발산역,발산역,POI027,KEY_3,보통,106,3200000,3300000,50.0,50.0,0.2,12.0,14.8,14.0,38.8,20.3,91.2,8.8,20260814 1710
2026-08-14T17:25:36.694993+09:00,사당역,사당역,POI029,KEY_4,바쁜,75,1900000,2000000,62.9,37.1,0.0,7.8,34.3,29.5,9.2,19.2,99.3,0.7,20260814 1710
2026-08-14T17:25:36.694993+09:00,서울대입구역,서울대입구역,POI031,KEY_2,보통,77,1200000,1300000,51.1,48.9,3.9,7.4,22.9,26.1,12.5,27.2,97.7,2.3,20260814 1710
2026-08-14T17:25:36.694993+09:00,서울식물원·마곡나루역,서울식물원·마곡나루역,POI032,KEY_3,보통,43,450000,500000,26.3,73.7,0.0,10.0,50.0,10.8,11.7,17.5,92.2,7.8,20260814 1710
2026-08-14T17:25:36.694993+09:00,서울역,서울역,POI033,KEY_4,보통,47,1400000,1500000,11.3,88.7,0.0,10.5,12.6,4.0,53.1,19.7,79.8,20.2,20260814 1710
2026-08-14T17:25:36.694993+09:00,선릉역,선릉역,POI034,KEY_1,바쁜,124,3200000,3300000,40.1,59.9,3.1,3.4,10.1,25.6,50.1,7.7,88.5,11.5,20260814 1710
2026-08-14T17:25:36.694993+09:00,성신여대입구역,성신여대입구역,POI035,KEY_2,바쁜,68,1300000,1400000,30.2,69.8,5.5,26.3,8.6,17.7,29.7,12.2,99.7,0.3,20260814 1710
2026-08-14T17:25:36.694993+09:00,수유역,수유역,POI036,KEY_3,바쁜,74,1500000,1600000,27.0,73.0,0.1,46.4,7.5,15.1,10.0,20.9,93.5,6.5,20260814 1710
2026-08-14T17:25:36.694993+09:00,신논현역·논현역,신논현역·논현역,POI037,KEY_2,보통,32,1000000,1100000,28.5,71.5,0.0,1.4,5.9,50.2,7.1,35.4,100.0,0.0,20260814 1710
2026-08-14T17:25:36.694993+09:00,신도림역,신도림역,POI038,KEY_3,한산한,6,20000,30000,27.3,72.7,9.1,0.0,9.1,81.8,0.0,0.0,100.0,0.0,20260814 1710
2026-08-14T17:25:36.694993+09:00,신림역,신림역,POI039,KEY_4,바쁜,116,1700000,1800000,37.8,62.2,2.3,17.5,11.9,17.0,15.6,35.6,98.0,2.0,20260814 1710
2026-08-14T17:25:36.694993+09:00,신정네거리역,신정네거리역,POI117,KEY_1,분주한,20,1400000,1500000,12.1,87.9,0.0,0.0,1.4,82.9,2.5,13.1,100.0,0.0,20260814 1710
2026-08-14T17:25:36.694993+09:00,신촌·이대역,신촌·이대역,POI040,KEY_2,분주한,162,4800000,4900000,71.5,28.5,0.6,26.8,14.0,44.8,6.5,7.3,99.7,0.3,20260814 1710
2026-08-14T17:25:36.694993+09:00,쌍문역,쌍문역,POI070,KEY_3,보통,45,500000,550000,53.7,46.3,0.0,10.2,10.9,10.4,22.9,45.7,100.0,0.0,20260814 1710
2026-08-14T17:25:36.694993+09:00,양재역,양재역,POI041,KEY_4,분주한,66,8800000,8900000,6.6,93.4,0.1,1.2,1.5,3.9,88.3,5.0,97.9,2.1,20260814 1710
2026-08-14T17:25:36.694993+09:00,역삼역,역삼역,POI042,KEY_1,보통,69,1300000,1400000,74.2,25.8,1.4,3.3,8.0,62.8,17.9,6.5,90.5,9.5,20260814 1710
2026-08-14T17:25:36.694993+09:00,연신내역,연신내역,POI043,KEY_2,분주한,85,2200000,2300000,40.6,59.4,0.9,10.4,27.3,3.2,28.2,30.0,100.0,0.0,20260814 1710
2026-08-14T17:25:36.694993+09:00,오목교역·목동운동장,오목교역·목동운동장,POI044,KEY_3,보통,157,3400000,3500000,71.6,28.4,1.3,2.2,13.8,44.1,17.6,21.0,93.0,7.0,20260814 1710
2026-08-14T17:25:36.694993+09:00,왕십리역,왕십리역,POI045,KEY_4,보통,73,1500000,1600000,28.9,71.1,0.0,7.7,11.3,15.7,28.8,36.5,97.7,2.3,20260814 1710
2026-08-14T17:25:36.694993+09:00,용산역,용산역,POI046,KEY_1,바쁜,143,2700000,2800000,47.8,52.2,1.7,15.3,26.3,18.2,24.4,14.1,96.9,3.1,20260814 1710
2026-08-14T17:25:36.694993+09:00,이태원역,이태원역,POI047,KEY_2,보통,5,350000,400000,54.1,45.9,0.0,0.0,0.0,27.0,18.9,54.1,100.0,0.0,20260814 1710
2026-08-14T17:25:36.694993+09:00,잠실새내역,잠실새내역,POI118,KEY_3,보통,102,2000000,2100000,45.8,54.2,0.9,5.4,6.3,44.0,22.0,21.3,96.6,3.4,20260814 1710
2026-08-14T17:25:36.694993+09:00,잠실역,잠실역,POI119,KEY_4,분주한,122,2600000,2700000,30.7,69.3,0.2,32.6,13.3,15.4,22.1,16.4,88.6,11.4,20260814 1710
2026-08-14T17:25:36.694993+09:00,장지역,장지역,POI048,KEY_1,보통,48,1400000,1500000,45.0,55.0,0.0,10.1,9.5,26.6,42.5,11.2,100.0,0.0,20260814 1710
2026-08-14T17:25:36.694993+09:00,장한평역,장한평역,POI049,KEY_2,보통,28,250000,300000,67.7,32.3,0.0,6.7,23.4,6.7,51.1,12.1,100.0,0.0,20260814 1710
2026-08-14T17:25:36.694993+09:00,천호역,천호역,POI050,KEY_3,바쁜,84,2100000,2200000,54.9,45.1,0.0,11.9,26.7,8.5,20.2,32.6,95.0,5.0,20260814 1710
2026-08-14T17:25:36.694993+09:00,총신대입구(이수)역,총신대입구(이수)역,POI051,KEY_4,바쁜,80,2300000,2400000,35.7,64.3,0.1,1.5,26.4,10.1,47.1,14.8,100.0,0.0,20260814 1710
2026-08-14T17:25:36.694993+09:00,충정로역,충정로역,POI052,KEY_1,보통,6,80000,90000,80.5,19.5,6.1,0.0,8.5,4.9,0.0,80.5,100.0,0.0,20260814 1710
2026-08-14T17:25:36.694993+09:00,합정역,합정역,POI053,KEY_2,보통,48,750000,800000,32.4,67.6,0.0,23.5,13.0,10.5,16.2,36.8,91.6,8.4,20260814 1710
2026-08-14T17:25:36.694993+09:00,혜화역,혜화역,POI054,KEY_3,보통,72,1200000,1300000,25.3,74.7,1.8,11.2,12.9,25.6,8.5,40.0,94.1,5.9,20260814 1710
2026-08-14T17:25:36.694993+09:00,홍대입구역(2호선),홍대입구역(2호선),POI055,KEY_4,보통,66,1300000,1400000,20.3,79.7,5.8,27.0,50.4,3.2,9.0,4.6,83.0,17.0,20260814 1710
2026-08-14T17:25:36.694993+09:00,회기역,회기역,POI056,KEY_1,보통,46,450000,500000,18.5,81.5,2.2,22.9,8.1,27.0,36.2,3.7,100.0,0.0,20260814 1710
2026-08-14T19:14:44.818807+09:00,광화문·덕수궁,광화문·덕수궁,POI009,KEY_2,바쁜,203,6600000,6700000,57.6,42.4,1.1,14.6,28.4,24.9,18.5,12.5,73.3,26.7,20260814 1900
2026-08-14T19:14:44.818807+09:00,보신각,보신각,POI010,KEY_3,바쁜,98,3400000,3500000,72.4,27.6,0.4,10.7,48.7,15.5,21.7,3.0,81.8,18.2,20260814 1900
2026-08-14T19:14:44.818807+09:00,강남 MICE 관광특구,강남 MICE 관광특구,POI001,KEY_2,바쁜,64,1500000,1600000,55.6,44.4,0.1,7.8,46.1,13.9,20.7,11.3,87.3,12.7,20260814 1900
2026-08-14T19:14:44.818807+09:00,동대문 관광특구,동대문 관광특구,POI002,KEY_3,바쁜,87,1400000,1500000,41.1,58.9,2.4,36.3,31.3,6.2,15.6,8.1,90.2,9.8,20260814 1900
2026-08-14T19:14:44.818807+09:00,명동 관광특구,명동 관광특구,POI003,KEY_4,바쁜,581,10000000,11000000,41.1,58.9,4.9,17.7,22.2,26.3,13.3,15.6,90.9,9.1,20260814 1900
2026-08-14T19:14:44.818807+09:00,이태원 관광특구,이태원 관광특구,POI004,KEY_1,바쁜,55,1900000,2000000,45.9,54.1,0.0,32.2,38.7,5.1,18.9,5.1,91.6,8.4,20260814 1900
2026-08-14T19:14:44.818807+09:00,잠실 관광특구,잠실 관광특구,POI005,KEY_2,분주한,244,7900000,8000000,21.7,78.3,0.7,11.9,64.9,13.5,4.9,4.2,96.7,3.3,20260814 1900
2026-08-14T19:14:44.818807+09:00,종로·청계 관광특구,종로·청계 관광특구,POI006,KEY_3,바쁜,288,7700000,7800000,55.4,44.6,0.3,11.2,30.7,25.1,23.1,9.5,97.5,2.5,20260814 1900
2026-08-14T19:14:44.818807+09:00,홍대 관광특구,홍대 관광특구,POI007,KEY_4,분주한,485,11000000,12000000,35.6,64.4,1.4,36.6,29.0,13.3,15.6,4.1,99.0,1.0,20260814 1900
2026-08-14T19:14:44.818807+09:00,가락시장,가락시장,POI058,KEY_2,바쁜,27,800000,850000,77.3,22.7,0.0,1.1,3.6,7.6,56.2,31.5,100.0,0.0,20260814 1900
2026-08-14T19:14:44.818807+09:00,가로수길,가로수길,POI059,KEY_3,보통,101,5700000,5800000,20.0,80.0,0.0,6.3,20.5,7.8,13.9,51.4,87.8,12.2,20260814 1900
2026-08-14T19:14:44.818807+09:00,광장(전통)시장,광장(전통)시장,POI060,KEY_4,보통,24,1300000,1400000,50.3,49.7,0.0,1.6,29.0,19.0,47.0,3.3,100.0,0.0,20260814 1900
2026-08-14T19:14:44.818807+09:00,김포공항,김포공항,POI061,KEY_1,바쁜,20,300000,350000,74.4,25.6,0.0,8.2,46.8,10.9,0.0,34.1,87.7,12.3,20260814 1900
2026-08-14T19:14:44.818807+09:00,남대문시장,남대문시장,POI115,KEY_2,보통,31,650000,700000,46.3,53.7,0.0,9.3,6.6,24.4,32.9,26.8,71.9,28.1,20260814 1900
2026-08-14T19:14:44.818807+09:00,노량진,노량진,POI063,KEY_3,바쁜,74,800000,850000,59.4,40.6,0.6,14.7,32.4,22.1,13.1,17.1,82.8,17.2,20260814 1900
2026-08-14T19:14:44.818807+09:00,덕수궁길·정동길,덕수궁길·정동길,POI064,KEY_4,바쁜,20,750000,800000,21.3,78.7,0.0,11.3,3.4,43.9,12.2,29.2,100.0,0.0,20260814 1900
2026-08-14T19:14:44.818807+09:00,북창동 먹자골목,북창동 먹자골목,POI114,KEY_1,바쁜,72,1500000,1600000,49.9,50.1,0.0,12.6,13.8,50.1,13.4,10.1,98.9,1.1,20260814 1900
2026-08-14T19:14:44.818807+09:00,북촌한옥마을,북촌한옥마을,POI066,KEY_2,보통,31,700000,750000,26.1,73.9,0.0,28.0,32.0,27.1,4.5,8.5,100.0,0.0,20260814 1900
2026-08-14T19:14:44.818807+09:00,서촌,서촌,POI067,KEY_3,분주한,49,2200000,2300000,32.0,68.0,0.2,26.1,29.2,15.0,2.8,26.6,90.3,9.7,20260814 1900
2026-08-14T19:14:44.818807+09:00,성수카페거리,성수카페거리,POI068,KEY_4,바쁜,148,4200000,4300000,26.8,73.2,1.6,26.2,24.3,22.6,21.2,4.1,92.0,8.0,20260814 1900
2026-08-14T19:14:44.818807+09:00,송리단길·호수단길,송리단길·호수단길,POI121,KEY_1,분주한,77,2300000,2400000,42.2,57.8,0.0,13.7,30.2,24.6,6.7,24.8,90.1,9.9,20260814 1900
2026-08-14T19:14:44.818807+09:00,신촌 스타광장,신촌 스타광장,POI122,KEY_2,분주한,28,1700000,1800000,18.9,81.1,0.2,6.9,6.2,72.8,1.4,12.6,100.0,0.0,20260814 1900
2026-08-14T19:14:44.818807+09:00,압구정로데오거리,압구정로데오거리,POI071,KEY_3,보통,57,5000000,5100000,29.0,71.0,0.0,8.9,56.1,17.7,14.1,3.2,89.3,10.7,20260814 1900
2026-08-14T19:14:44.818807+09:00,여의도,여의도,POI072,KEY_4,바쁜,275,10000000,11000000,43.7,56.3,0.6,9.5,18.4,18.1,24.6,28.8,83.0,17.0,20260814 1900
2026-08-14T19:14:44.818807+09:00,연남동,연남동,POI073,KEY_1,바쁜,60,1100000,1200000,59.9,40.1,2.2,36.5,23.5,17.2,6.5,14.1,95.5,4.5,20260814 1900
2026-08-14T19:14:44.818807+09:00,영등포 타임스퀘어,영등포 타임스퀘어,POI074,KEY_2,바쁜,155,3900000,4000000,37.7,62.3,0.2,13.8,56.0,15.7,10.0,4.3,96.5,3.5,20260814 1900
2026-08-14T19:14:44.818807+09:00,용리단길,용리단길,POI076,KEY_3,바쁜,46,1700000,1800000,51.3,48.7,0.0,44.5,26.0,14.7,11.6,3.1,93.1,6.9,20260814 1900
2026-08-14T19:14:44.818807+09:00,이태원 앤틱가구거리,이태원 앤틱가구거리,POI077,KEY_4,바쁜,6,250000,300000,66.7,33.3,0.0,0.0,13.0,0.0,39.6,47.4,72.7,27.3,20260814 1900
2026-08-14T19:14:44.818807+09:00,익선동,익선동,POI116,KEY_1,바쁜,79,2000000,2100000,63.0,37.0,1.2,22.6,26.0,12.0,10.3,27.9,94.7,5.3,20260814 1900
2026-08-14T19:14:44.818807+09:00,인사동,인사동,POI078,KEY_2,바쁜,69,1900000,2000000,50.7,49.3,0.8,28.1,15.8,9.8,34.3,11.1,84.7,15.3,20260814 1900
2026-08-14T19:14:44.818807+09:00,잠실롯데타워·석촌호수,잠실롯데타워·석촌호수,POI120,KEY_3,분주한,224,7500000,7600000,20.0,80.0,0.7,12.0,64.1,14.0,5.0,4.2,96.6,3.4,20260814 1900
2026-08-14T19:14:44.818807+09:00,창동 신경제 중심지,창동 신경제 중심지,POI079,KEY_4,분주한,222,10000000,11000000,80.3,19.7,0.3,5.5,48.5,15.9,19.6,10.2,97.6,2.4,20260814 1900
2026-08-14T19:14:44.818807+09:00,청담동 명품거리,청담동 명품거리,POI080,KEY_1,한산한,5,30000,40000,48.6,51.4,0.0,28.6,51.4,0.0,20.0,0.0,100.0,0.0,20260814 1900
2026-08-14T19:14:44.818807+09:00,청량리 제기동 일대 전통시장,청량리 제기동 일대 전통시장,POI081,KEY_2,보통,31,600000,650000,54.2,45.8,0.0,20.9,12.3,17.5,13.1,36.0,100.0,0.0,20260814 1900
2026-08-14T19:14:44.818807+09:00,해방촌·경리단길,해방촌·경리단길,POI082,KEY_3,바쁜,16,350000,400000,11.3,88.7,0.0,27.8,18.6,0.0,53.5,0.0,95.2,4.8,20260814 1900
2026-08-14T19:14:44.818807+09:00,DDP(동대문디자인플라자),DDP(동대문디자인플라자),POI083,KEY_4,한산한,11,70000,80000,26.0,74.0,0.0,28.6,0.0,24.7,10.4,36.4,100.0,0.0,20260814 1900
2026-08-14T19:14:44.818807+09:00,DMC(디지털미디어시티),DMC(디지털미디어시티),POI084,KEY_1,바쁜,77,1800000,1900000,59.2,40.8,0.0,10.4,31.0,24.0,26.2,8.4,81.6,18.4,20260814 1900
2026-08-14T19:14:44.818807+09:00,가산디지털단지역,가산디지털단지역,POI013,KEY_2,보통,67,1100000,1200000,36.7,63.3,0.0,36.3,24.5,12.1,22.5,4.6,84.1,15.9,20260814 1900
2026-08-14T19:14:44.818807+09:00,강남역,강남역,POI014,KEY_3,바쁜,435,16000000,17000000,29.8,70.2,1.2,15.3,33.4,10.1,38.0,1.9,96.5,3.5,20260814 1900
2026-08-14T19:14:44.818807+09:00,건대입구역,건대입구역,POI015,KEY_4,분주한,163,6300000,6400000,45.1,54.9,0.0,35.4,16.6,24.9,16.4,6.7,88.2,11.8,20260814 1900
2026-08-14T19:14:44.818807+09:00,고덕역,고덕역,POI016,KEY_1,한산한,26,250000,300000,56.1,43.9,0.7,1.9,3.4,50.7,35.1,8.2,86.8,13.2,20260814 1900
2026-08-14T19:14:44.818807+09:00,고속터미널역,고속터미널역,POI017,KEY_2,분주한,205,2800000,2900000,48.5,51.5,0.5,11.2,24.4,17.6,27.8,18.4,94.0,6.0,20260814 1900
2026-08-14T19:14:44.818807+09:00,교대역,교대역,POI018,KEY_3,바쁜,62,2200000,2300000,55.8,44.2,0.0,27.9,21.9,15.8,32.5,1.9,71.9,28.1,20260814 1900
2026-08-14T19:14:44.818807+09:00,구로디지털단지역,구로디지털단지역,POI019,KEY_4,바쁜,119,2500000,2600000,48.0,52.0,0.0,24.4,29.8,26.8,16.1,2.9,85.3,14.7,20260814 1900
2026-08-14T19:14:44.818807+09:00,구로역,구로역,POI020,KEY_1,바쁜,28,600000,650000,33.1,66.9,0.0,6.1,11.3,41.3,33.4,7.9,100.0,0.0,20260814 1900
2026-08-14T19:14:44.818807+09:00,군자역,군자역,POI021,KEY_2,바쁜,67,1100000,1200000,58.7,41.3,0.2,20.7,27.5,9.1,19.7,22.8,95.1,4.9,20260814 1900
2026-08-14T19:14:44.818807+09:00,대림역,대림역,POI023,KEY_3,분주한,35,850000,900000,49.0,51.0,0.0,1.5,16.2,47.9,10.9,23.5,100.0,0.0,20260814 1900
2026-08-14T19:14:44.818807+09:00,동대문역,동대문역,POI024,KEY_4,보통,10,250000,300000,54.6,45.4,0.0,0.4,26.0,0.0,0.0,73.7,100.0,0.0,20260814 1900
2026-08-14T19:14:44.818807+09:00,뚝섬역,뚝섬역,POI025,KEY_1,분주한,65,1700000,1800000,79.4,20.6,0.0,20.6,26.7,15.8,24.5,12.5,79.1,20.9,20260814 1900
2026-08-14T19:14:44.818807+09:00,미아사거리역,미아사거리역,POI026,KEY_2,보통,44,950000,1000000,44.4,55.6,1.0,3.0,11.4,20.5,32.7,31.4,100.0,0.0,20260814 1900
2026-08-14T19:14:44.818807+09:00,발산역,발산역,POI027,KEY_3,분주한,153,7200000,7300000,62.7,37.3,0.0,7.1,35.4,17.3,33.6,6.5,89.9,10.1,20260814 1900
2026-08-14T19:14:44.818807+09:00,사당역,사당역,POI029,KEY_4,바쁜,122,2200000,2300000,54.9,45.1,1.2,26.4,15.3,13.4,31.6,12.1,90.6,9.4,20260814 1900
2026-08-14T19:14:44.818807+09:00,서울대입구역,서울대입구역,POI031,KEY_2,분주한,97,2300000,2400000,41.9,58.1,0.0,12.0,28.9,14.9,38.7,5.4,97.1,2.9,20260814 1900
2026-08-14T19:14:44.818807+09:00,서울식물원·마곡나루역,서울식물원·마곡나루역,POI032,KEY_3,바쁜,62,850000,900000,56.5,43.5,0.0,21.6,21.1,27.8,10.4,19.1,90.4,9.6,20260814 1900
2026-08-14T19:14:44.818807+09:00,서울역,서울역,POI033,KEY_4,바쁜,64,2400000,2500000,50.5,49.5,0.0,8.5,29.6,29.3,15.2,17.3,84.4,15.6,20260814 1900
2026-08-14T19:14:44.818807+09:00,선릉역,선릉역,POI034,KEY_1,바쁜,114,3800000,3900000,54.9,45.1,7.3,13.0,27.5,11.4,16.7,24.1,59.5,40.5,20260814 1900
2026-08-14T19:14:44.818807+09:00,성신여대입구역,성신여대입구역,POI035,KEY_2,분주한,76,1600000,1700000,33.3,66.7,0.3,32.2,12.5,29.2,11.0,14.7,83.0,17.0,20260814 1900
2026-08-14T19:14:44.818807+09:00,수유역,수유역,POI036,KEY_3,분주한,115,2900000,3000000,41.3,58.7,1.1,7.9,13.6,48.4,21.1,7.9,99.1,0.9,20260814 1900
2026-08-14T19:14:44.818807+09:00,신논현역·논현역,신논현역·논현역,POI037,KEY_2,보통,91,1600000,1700000,33.1,66.9,0.0,38.2,25.3,15.4,11.2,9.9,92.3,7.7,20260814 1900
2026-08-14T19:14:44.818807+09:00,신도림역,신도림역,POI038,KEY_3,바쁜,16,100000,150000,41.1,58.9,0.0,15.5,26.4,30.2,27.9,0.0,95.7,4.3,20260814 1900
2026-08-14T19:14:44.818807+09:00,신림역,신림역,POI039,KEY_4,바쁜,169,2400000,2500000,48.6,51.4,0.5,22.0,20.1,15.9,24.9,16.6,97.6,2.4,20260814 1900
2026-08-14T19:14:44.818807+09:00,신정네거리역,신정네거리역,POI117,KEY_1,보통,19,300000,350000,45.2,54.8,0.0,15.7,0.0,2.0,31.9,50.4,75.4,24.6,20260814 1900
2026-08-14T19:14:44.818807+09:00,신촌·이대역,신촌·이대역,POI040,KEY_2,분주한,167,4400000,4500000,24.7,75.3,1.2,31.6,16.9,32.3,9.6,8.4,99.0,1.0,20260814 1900
2026-08-14T19:14:44.818807+09:00,쌍문역,쌍문역,POI070,KEY_3,분주한,61,1000000,1100000,43.7,56.3,0.2,4.7,25.2,19.4,21.5,29.0,96.5,3.5,20260814 1900
2026-08-14T19:14:44.818807+09:00,양재역,양재역,POI041,KEY_4,보통,71,1600000,1700000,61.0,39.0,0.0,9.5,34.6,16.6,20.7,18.6,91.1,8.9,20260814 1900
2026-08-14T19:14:44.818807+09:00,역삼역,역삼역,POI042,KEY_1,바쁜,129,3200000,3300000,33.3,66.7,0.2,15.5,20.3,12.4,42.2,9.4,86.9,13.1,20260814 1900
2026-08-14T19:14:44.818807+09:00,연신내역,연신내역,POI043,KEY_2,분주한,131,3700000,3800000,29.3,70.7,0.1,5.3,49.8,13.1,14.6,17.2,99.1,0.9,20260814 1900
2026-08-14T19:14:44.818807+09:00,오목교역·목동운동장,오목교역·목동운동장,POI044,KEY_3,바쁜,183,4100000,4200000,41.3,58.7,1.1,9.0,13.6,31.6,31.1,13.7,89.5,10.5,20260814 1900
2026-08-14T19:14:44.818807+09:00,왕십리역,왕십리역,POI045,KEY_4,바쁜,111,2500000,2600000,52.0,48.0,0.0,13.3,26.9,26.6,15.3,17.9,94.0,6.0,20260814 1900
2026-08-14T19:14:44.818807+09:00,용산역,용산역,POI046,KEY_1,분주한,194,4200000,4300000,44.1,55.9,1.7,27.4,24.9,19.6,14.5,11.9,98.9,1.1,20260814 1900
2026-08-14T19:14:44.818807+09:00,이태원역,이태원역,POI047,KEY_2,보통,19,350000,400000,71.8,28.2,0.0,43.7,37.4,0.0,18.9,0.0,100.0,0.0,20260814 1900
2026-08-14T19:14:44.818807+09:00,잠실새내역,잠실새내역,POI118,KEY_3,분주한,103,3500000,3600000,27.8,72.2,0.0,12.6,10.4,59.8,12.0,5.2,98.6,1.4,20260814 1900
2026-08-14T19:14:44.818807+09:00,잠실역,잠실역,POI119,KEY_4,분주한,148,2000000,2100000,31.2,68.8,2.6,16.0,38.6,22.9,9.2,10.7,97.2,2.8,20260814 1900
2026-08-14T19:14:44.818807+09:00,장지역,장지역,POI048,KEY_1,바쁜,57,2000000,2100000,53.1,46.9,0.0,8.9,22.5,28.2,29.7,10.7,89.6,10.4,20260814 1900
2026-08-14T19:14:44.818807+09:00,장한평역,장한평역,POI049,KEY_2,바쁜,29,500000,550000,48.9,51.1,0.0,0.9,19.7,40.4,17.0,22.0,86.2,13.8,20260814 1900
2026-08-14T19:14:44.818807+09:00,천호역,천호역,POI050,KEY_3,분주한,99,2900000,3000000,43.9,56.1,0.0,18.5,13.5,11.2,42.7,14.0,100.0,0.0,20260814 1900
2026-08-14T19:14:44.818807+09:00,총신대입구(이수)역,총신대입구(이수)역,POI051,KEY_4,보통,91,1300000,1400000,54.7,45.3,0.0,15.5,30.9,18.9,17.6,17.1,81.8,18.2,20260814 1900
2026-08-14T19:14:44.818807+09:00,충정로역,충정로역,POI052,KEY_1,바쁜,11,200000,250000,76.8,23.2,0.0,15.0,8.6,20.2,42.5,13.7,100.0,0.0,20260814 1900
2026-08-14T19:14:44.818807+09:00,합정역,합정역,POI053,KEY_2,분주한,65,1600000,1700000,38.1,61.9,0.3,34.4,14.0,15.7,25.5,10.2,91.3,8.7,20260814 1900
2026-08-14T19:14:44.818807+09:00,혜화역,혜화역,POI054,KEY_3,바쁜,139,2200000,2300000,37.3,62.7,2.6,31.1,28.5,20.2,14.6,3.0,90.8,9.2,20260814 1900
2026-08-14T19:14:44.818807+09:00,홍대입구역(2호선),홍대입구역(2호선),POI055,KEY_4,분주한,121,3000000,3100000,42.6,57.4,2.2,53.2,17.2,9.8,16.7,0.9,98.6,1.4,20260814 1900
2026-08-14T19:14:44.818807+09:00,회기역,회기역,POI056,KEY_1,바쁜,55,750000,800000,74.4,25.6,6.0,40.6,12.9,3.8,18.2,18.5,100.0,0.0,20260814 1900
2026-08-14T20:54:03.917000+09:00,광화문·덕수궁,광화문·덕수궁,POI009,KEY_2,바쁜,120,6100000,6200000,38.4,61.6,0.0,15.3,33.2,28.4,17.0,6.1,63.1,36.9,20260814 2040
2026-08-14T20:54:03.917000+09:00,보신각,보신각,POI010,KEY_3,바쁜,80,3000000,3100000,55.0,45.0,2.3,25.7,17.7,26.6,20.1,7.6,71.6,28.4,20260814 2040
2026-08-14T20:54:03.917000+09:00,강남 MICE 관광특구,강남 MICE 관광특구,POI001,KEY_2,분주한,44,1900000,2000000,65.2,34.8,0.0,7.6,18.4,57.0,5.8,11.2,65.0,35.0,20260814 2040
2026-08-14T20:54:03.917000+09:00,동대문 관광특구,동대문 관광특구,POI002,KEY_3,보통,36,600000,650000,55.7,44.3,1.8,34.8,20.7,16.5,6.7,19.4,88.5,11.5,20260814 2040
2026-08-14T20:54:03.917000+09:00,명동 관광특구,명동 관광특구,POI003,KEY_4,바쁜,488,11000000,12000000,53.3,46.7,1.2,23.2,21.8,16.6,18.0,19.1,69.7,30.3,20260814 2040
2026-08-14T20:54:03.917000+09:00,이태원 관광특구,이태원 관광특구,POI004,KEY_1,분주한,49,2800000,2900000,47.1,52.9,0.0,27.6,35.9,16.6,14.5,5.3,82.4,17.6,20260814 2040
2026-08-14T20:54:03.917000+09:00,잠실 관광특구,잠실 관광특구,POI005,KEY_2,분주한,219,7500000,7600000,52.0,48.0,0.5,18.3,39.4,24.0,14.2,3.6,87.9,12.1,20260814 2040
2026-08-14T20:54:03.917000+09:00,종로·청계 관광특구,종로·청계 관광특구,POI006,KEY_3,바쁜,192,6200000,6300000,52.3,47.7,1.1,24.8,20.9,26.6,10.4,16.2,79.3,20.7,20260814 2040
2026-08-14T20:54:03.917000+09:00,홍대 관광특구,홍대 관광특구,POI007,KEY_4,분주한,393,11000000,12000000,50.9,49.1,1.4,39.1,36.7,8.7,7.8,6.3,86.2,13.8,20260814 2040
2026-08-14T20:54:03.917000+09:00,가락시장,가락시장,POI058,KEY_2,보통,13,550000,600000,61.9,38.1,0.0,12.0,6.0,21.9,18.0,42.0,59.5,40.5,20260814 2040
2026-08-14T20:54:03.917000+09:00,가로수길,가로수길,POI059,KEY_3,보통,82,4500000,4600000,50.0,50.0,0.8,10.6,37.9,27.5,9.9,13.3,85.3,14.7,20260814 2040
2026-08-14T20:54:03.917000+09:00,광장(전통)시장,광장(전통)시장,POI060,KEY_4,한산한,30,700000,750000,61.0,39.0,0.0,0.0,38.0,29.3,0.0,32.7,28.2,71.8,20260814 2040
2026-08-14T20:54:03.917000+09:00,김포공항,김포공항,POI061,KEY_1,한산한,5,10000,20000,22.2,77.8,0.0,22.2,22.2,22.2,22.2,11.1,100.0,0.0,20260814 2040
2026-08-14T20:54:03.917000+09:00,남대문시장,남대문시장,POI115,KEY_2,한산한,9,150000,200000,27.1,72.9,0.0,41.5,31.4,5.9,6.8,14.4,77.1,22.9,20260814 2040
2026-08-14T20:54:03.917000+09:00,노량진,노량진,POI063,KEY_3,바쁜,47,850000,900000,83.0,17.0,0.2,26.6,25.0,17.5,30.4,0.2,95.3,4.7,20260814 2040
2026-08-14T20:54:03.917000+09:00,덕수궁길·정동길,덕수궁길·정동길,POI064,KEY_4,한산한,4,100000,150000,62.1,37.9,0.0,17.2,82.8,0.0,0.0,0.0,85.9,14.1,20260814 2040
2026-08-14T20:54:03.917000+09:00,북창동 먹자골목,북창동 먹자골목,POI114,KEY_1,바쁜,50,2000000,2100000,51.0,49.0,0.0,29.3,18.0,33.2,7.6,11.9,47.7,52.3,20260814 2040
2026-08-14T20:54:03.917000+09:00,북촌한옥마을,북촌한옥마을,POI066,KEY_2,보통,14,550000,600000,66.1,33.9,2.8,24.0,49.3,6.1,7.9,10.0,100.0,0.0,20260814 2040
2026-08-14T20:54:03.917000+09:00,서촌,서촌,POI067,KEY_3,바쁜,36,1500000,1600000,49.2,50.8,0.0,18.4,20.7,26.4,27.9,6.6,99.5,0.5,20260814 2040
2026-08-14T20:54:03.917000+09:00,성수카페거리,성수카페거리,POI068,KEY_4,보통,86,2700000,2800000,24.6,75.4,4.1,42.7,27.1,11.5,10.3,4.2,90.6,9.4,20260814 2040
2026-08-14T20:54:03.917000+09:00,송리단길·호수단길,송리단길·호수단길,POI121,KEY_1,분주한,58,2200000,2300000,69.0,31.0,0.0,29.5,29.1,30.5,10.4,0.6,88.3,11.7,20260814 2040
2026-08-14T20:54:03.917000+09:00,신촌 스타광장,신촌 스타광장,POI122,KEY_2,한산한,17,100000,150000,65.2,34.8,0.0,71.9,18.5,0.0,9.6,0.0,100.0,0.0,20260814 2040
2026-08-14T20:54:03.917000+09:00,압구정로데오거리,압구정로데오거리,POI071,KEY_3,바쁜,61,7600000,7700000,41.1,58.9,1.0,18.5,31.7,35.5,9.1,4.3,63.3,36.7,20260814 2040
2026-08-14T20:54:03.917000+09:00,여의도,여의도,POI072,KEY_4,바쁜,164,9100000,9200000,72.7,27.3,0.3,9.6,27.2,21.4,36.0,5.6,65.6,34.4,20260814 2040
2026-08-14T20:54:03.917000+09:00,연남동,연남동,POI073,KEY_1,분주한,78,2500000,2600000,52.6,47.4,0.6,42.2,34.3,6.2,10.6,6.1,95.1,4.9,20260814 2040
2026-08-14T20:54:03.917000+09:00,영등포 타임스퀘어,영등포 타임스퀘어,POI074,KEY_2,바쁜,164,4500000,4600000,60.2,39.8,0.0,12.6,37.7,20.4,21.0,8.3,86.3,13.7,20260814 2040
2026-08-14T20:54:03.917000+09:00,용리단길,용리단길,POI076,KEY_3,분주한,43,4000000,4100000,81.4,18.6,1.6,24.1,27.9,2.0,10.4,34.0,100.0,0.0,20260814 2040
2026-08-14T20:54:03.917000+09:00,이태원 앤틱가구거리,이태원 앤틱가구거리,POI077,KEY_4,보통,10,150000,200000,74.8,25.2,0.0,31.9,23.3,44.8,0.0,0.0,100.0,0.0,20260814 2040
2026-08-14T20:54:03.917000+09:00,익선동,익선동,POI116,KEY_1,바쁜,56,2100000,2200000,68.7,31.3,0.0,23.0,42.2,13.2,8.5,13.1,96.2,3.8,20260814 2040
2026-08-14T20:54:03.917000+09:00,인사동,인사동,POI078,KEY_2,바쁜,29,1400000,1500000,28.2,71.8,0.0,19.0,30.7,29.6,20.3,0.4,66.6,33.4,20260814 2040
2026-08-14T20:54:03.917000+09:00,잠실롯데타워·석촌호수,잠실롯데타워·석촌호수,POI120,KEY_3,분주한,207,7300000,7400000,52.7,47.3,0.5,18.8,40.1,22.7,14.4,3.5,87.7,12.3,20260814 2040
2026-08-14T20:54:03.917000+09:00,창동 신경제 중심지,창동 신경제 중심지,POI079,KEY_4,바쁜,198,5000000,5100000,55.2,44.8,0.6,8.0,17.9,24.8,24.9,23.9,98.8,1.2,20260814 2040
2026-08-14T20:54:03.917000+09:00,청담동 명품거리,청담동 명품거리,POI080,KEY_1,분주한,21,3300000,3400000,34.1,65.9,2.7,9.4,49.5,32.0,3.4,2.9,53.2,46.8,20260814 2040
2026-08-14T20:54:03.917000+09:00,청량리 제기동 일대 전통시장,청량리 제기동 일대 전통시장,POI081,KEY_2,보통,7,500000,550000,26.0,74.0,0.0,49.6,11.2,0.0,33.1,6.0,100.0,0.0,20260814 2040
2026-08-14T20:54:03.917000+09:00,해방촌·경리단길,해방촌·경리단길,POI082,KEY_3,분주한,22,1000000,1100000,54.6,45.4,0.0,28.3,21.4,13.1,31.7,5.5,85.0,15.0,20260814 2040
2026-08-14T20:54:03.917000+09:00,DDP(동대문디자인플라자),DDP(동대문디자인플라자),POI083,KEY_4,한산한,5,30000,40000,28.1,71.9,0.0,46.9,3.1,25.0,25.0,0.0,100.0,0.0,20260814 2000
2026-08-14T20:54:03.917000+09:00,DMC(디지털미디어시티),DMC(디지털미디어시티),POI084,KEY_1,분주한,41,2600000,2700000,54.8,45.2,0.0,17.1,25.8,3.4,42.0,11.7,42.5,57.5,20260814 2040
2026-08-14T20:54:03.917000+09:00,가산디지털단지역,가산디지털단지역,POI013,KEY_2,보통,47,950000,1000000,77.2,22.8,0.0,10.1,29.4,14.8,31.0,14.7,79.5,20.5,20260814 2040
2026-08-14T20:54:03.917000+09:00,강남역,강남역,POI014,KEY_3,바쁜,339,10000000,11000000,44.4,55.6,0.8,38.9,37.4,11.0,7.1,4.8,94.2,5.8,20260814 2040
2026-08-14T20:54:03.917000+09:00,건대입구역,건대입구역,POI015,KEY_4,분주한,172,4800000,4900000,41.8,58.2,0.3,29.7,26.9,8.5,27.6,6.9,88.5,11.5,20260814 2040
2026-08-14T20:54:03.917000+09:00,고덕역,고덕역,POI016,KEY_1,한산한,20,300000,350000,56.0,44.0,0.0,18.6,0.3,74.6,5.9,0.6,100.0,0.0,20260814 2040
2026-08-14T20:54:03.917000+09:00,고속터미널역,고속터미널역,POI017,KEY_2,바쁜,121,2600000,2700000,36.5,63.5,1.9,25.0,19.2,26.0,16.7,11.3,92.5,7.5,20260814 2040
2026-08-14T20:54:03.917000+09:00,교대역,교대역,POI018,KEY_3,분주한,54,4000000,4100000,74.1,25.9,0.0,5.2,19.6,31.4,16.8,27.0,85.3,14.7,20260814 2040
2026-08-14T20:54:03.917000+09:00,구로디지털단지역,구로디지털단지역,POI019,KEY_4,바쁜,74,2600000,2700000,78.1,21.9,0.0,6.4,39.4,34.0,11.6,8.7,99.1,0.9,20260814 2040
2026-08-14T20:54:03.917000+09:00,구로역,구로역,POI020,KEY_1,한산한,4,30000,40000,77.2,22.8,0.0,8.0,14.1,1.9,69.2,6.8,100.0,0.0,20260814 2040
2026-08-14T20:54:03.917000+09:00,군자역,군자역,POI021,KEY_2,분주한,44,1300000,1400000,71.8,28.2,0.0,33.9,25.9,24.2,7.7,8.2,100.0,0.0,20260814 2040
2026-08-14T20:54:03.917000+09:00,대림역,대림역,POI023,KEY_3,바쁜,26,600000,650000,33.1,66.9,0.0,1.1,36.6,39.6,5.1,17.7,100.0,0.0,20260814 2040
2026-08-14T20:54:03.917000+09:00,동대문역,동대문역,POI024,KEY_4,한산한,9,100000,150000,81.7,18.3,0.0,26.2,0.0,13.5,4.8,55.6,100.0,0.0,20260814 2040
2026-08-14T20:54:03.917000+09:00,뚝섬역,뚝섬역,POI025,KEY_1,분주한,29,1900000,2000000,56.2,43.8,0.0,33.2,36.2,1.0,18.6,11.0,67.5,32.5,20260814 2040
2026-08-14T20:54:03.917000+09:00,미아사거리역,미아사거리역,POI026,KEY_2,보통,42,800000,850000,53.6,46.4,0.0,13.1,12.0,23.3,33.5,18.1,100.0,0.0,20260814 2040
2026-08-14T20:54:03.917000+09:00,발산역,발산역,POI027,KEY_3,바쁜,102,5100000,5200000,49.0,51.0,0.5,15.6,32.4,13.4,26.6,11.6,76.1,23.9,20260814 2040
2026-08-14T20:54:03.917000+09:00,사당역,사당역,POI029,KEY_4,분주한,97,4800000,4900000,71.3,28.7,0.0,19.1,36.1,8.2,13.4,23.2,90.3,9.7,20260814 2040
2026-08-14T20:54:03.917000+09:00,서울대입구역,서울대입구역,POI031,KEY_2,분주한,80,2200000,2300000,60.6,39.4,2.9,18.2,6.4,16.3,36.6,19.5,75.8,24.2,20260814 2040
2026-08-14T20:54:03.917000+09:00,서울식물원·마곡나루역,서울식물원·마곡나루역,POI032,KEY_3,보통,23,600000,650000,47.9,52.1,0.0,42.9,26.7,6.6,18.1,5.7,95.4,4.6,20260814 2040
2026-08-14T20:54:03.917000+09:00,서울역,서울역,POI033,KEY_4,바쁜,32,2400000,2500000,48.3,51.7,0.0,4.2,40.6,33.0,9.4,12.9,73.4,26.6,20260814 2040
2026-08-14T20:54:03.917000+09:00,선릉역,선릉역,POI034,KEY_1,바쁜,70,3100000,3200000,69.9,30.1,0.1,21.4,33.4,8.6,32.8,3.8,77.0,23.0,20260814 2040
2026-08-14T20:54:03.917000+09:00,성신여대입구역,성신여대입구역,POI035,KEY_2,보통,56,750000,800000,60.6,39.4,2.5,29.4,35.0,20.4,11.9,0.9,100.0,0.0,20260814 2040
2026-08-14T20:54:03.917000+09:00,수유역,수유역,POI036,KEY_3,분주한,88,2700000,2800000,73.7,26.3,0.2,12.8,10.5,36.4,19.0,21.1,100.0,0.0,20260814 2040
2026-08-14T20:54:03.917000+09:00,신논현역·논현역,신논현역·논현역,POI037,KEY_2,보통,64,2500000,2600000,70.8,29.2,0.0,18.2,54.1,6.6,10.1,11.0,87.1,12.9,20260814 2040
2026-08-14T20:54:03.917000+09:00,신도림역,신도림역,POI038,KEY_3,한산한,8,40000,50000,67.3,32.7,0.0,27.3,36.4,32.7,3.6,0.0,98.2,1.8,20260814 2030
2026-08-14T20:54:03.917000+09:00,신림역,신림역,POI039,KEY_4,바쁜,152,2300000,2400000,61.3,38.7,0.0,20.9,35.7,16.4,19.9,7.1,100.0,0.0,20260814 2040
2026-08-14T20:54:03.917000+09:00,신정네거리역,신정네거리역,POI117,KEY_1,바쁜,23,600000,650000,25.4,74.6,0.0,16.5,22.6,6.5,14.3,40.1,75.5,24.5,20260814 2040
2026-08-14T20:54:03.917000+09:00,신촌·이대역,신촌·이대역,POI040,KEY_2,바쁜,119,2800000,2900000,45.1,54.9,7.2,41.2,27.2,4.7,8.4,11.2,85.7,14.3,20260814 2040
2026-08-14T20:54:03.917000+09:00,쌍문역,쌍문역,POI070,KEY_3,분주한,51,950000,1000000,46.8,53.2,3.3,2.7,16.3,12.6,30.1,34.9,100.0,0.0,20260814 2040
2026-08-14T20:54:03.917000+09:00,양재역,양재역,POI041,KEY_4,바쁜,25,1900000,2000000,90.0,10.0,0.0,19.4,11.2,1.8,48.3,19.2,51.5,48.5,20260814 2040
2026-08-14T20:54:03.917000+09:00,역삼역,역삼역,POI042,KEY_1,바쁜,69,3000000,3100000,51.9,48.1,0.0,5.6,42.6,23.3,23.0,5.3,43.7,56.3,20260814 2040
2026-08-14T20:54:03.917000+09:00,연신내역,연신내역,POI043,KEY_2,분주한,77,3300000,3400000,34.4,65.6,0.0,13.4,14.2,47.7,8.5,16.2,99.9,0.1,20260814 2040
2026-08-14T20:54:03.917000+09:00,오목교역·목동운동장,오목교역·목동운동장,POI044,KEY_3,바쁜,125,4300000,4400000,40.4,59.6,0.7,7.8,6.8,60.0,14.3,10.3,93.7,6.3,20260814 2040
2026-08-14T20:54:03.917000+09:00,왕십리역,왕십리역,POI045,KEY_4,바쁜,78,2500000,2600000,46.4,53.6,4.7,20.1,30.3,11.4,24.4,9.1,99.0,1.0,20260814 2040
2026-08-14T20:54:03.917000+09:00,용산역,용산역,POI046,KEY_1,분주한,126,4000000,4100000,45.2,54.8,2.1,16.1,30.3,20.3,16.9,14.3,93.1,6.9,20260814 2040
2026-08-14T20:54:03.917000+09:00,이태원역,이태원역,POI047,KEY_2,바쁜,34,1100000,1200000,64.0,36.0,0.0,32.4,15.5,11.4,29.8,10.9,100.0,0.0,20260814 2040
2026-08-14T20:54:03.917000+09:00,잠실새내역,잠실새내역,POI118,KEY_3,분주한,74,5800000,5900000,62.4,37.6,0.4,6.5,30.5,10.8,38.5,13.3,43.8,56.2,20260814 2040
2026-08-14T20:54:03.917000+09:00,잠실역,잠실역,POI119,KEY_4,바쁜,100,1900000,2000000,42.6,57.4,0.0,13.5,27.4,39.5,9.9,9.8,96.3,3.7,20260814 2040
2026-08-14T20:54:03.917000+09:00,장지역,장지역,POI048,KEY_1,보통,27,700000,750000,66.0,34.0,0.0,2.5,13.8,51.7,17.4,14.6,100.0,0.0,20260814 2040
2026-08-14T20:54:03.917000+09:00,장한평역,장한평역,POI049,KEY_2,분주한,20,750000,800000,68.7,31.3,0.0,3.5,8.2,3.5,17.8,67.0,43.6,56.4,20260814 2040
2026-08-14T20:54:03.917000+09:00,천호역,천호역,POI050,KEY_3,바쁜,60,2000000,2100000,52.7,47.3,0.0,8.2,34.4,24.2,26.8,6.4,97.8,2.2,20260814 2040
2026-08-14T20:54:03.917000+09:00,총신대입구(이수)역,총신대입구(이수)역,POI051,KEY_4,분주한,80,2800000,2900000,74.1,25.9,0.0,10.9,44.6,20.0,11.6,12.9,93.7,6.3,20260814 2040
2026-08-14T20:54:03.917000+09:00,충정로역,충정로역,POI052,KEY_1,바쁜,9,100000,150000,26.2,73.8,0.0,3.8,20.8,12.3,60.0,3.1,100.0,0.0,20260814 2040
2026-08-14T20:54:03.917000+09:00,합정역,합정역,POI053,KEY_2,바쁜,49,1200000,1300000,41.9,58.1,1.0,23.4,19.2,18.1,19.8,18.5,87.7,12.3,20260814 2040
2026-08-14T20:54:03.917000+09:00,혜화역,혜화역,POI054,KEY_3,분주한,52,2500000,2600000,48.8,51.2,0.2,16.7,38.9,15.7,28.4,0.1,56.5,43.5,20260814 2040
2026-08-14T20:54:03.917000+09:00,홍대입구역(2호선),홍대입구역(2호선),POI055,KEY_4,바쁜,66,2200000,2300000,48.4,51.6,3.2,58.2,22.3,6.4,4.4,5.4,86.7,13.3,20260814 2040
2026-08-14T20:54:03.917000+09:00,회기역,회기역,POI056,KEY_1,한산한,21,100000,150000,46.1,53.9,0.0,46.1,20.0,14.8,0.0,19.1,100.0,0.0,20260814 2040
2026-08-14T22:27:10.089926+09:00,광화문·덕수궁,광화문·덕수궁,POI009,KEY_2,한산한,32,650000,700000,64.6,35.4,0.0,4.3,10.1,54.5,17.0,14.0,72.9,27.1,20260814 2210
2026-08-14T22:27:10.089926+09:00,보신각,보신각,POI010,KEY_3,보통,35,1100000,1200000,48.8,51.2,0.0,41.8,21.6,19.8,15.9,0.8,99.5,0.5,20260814 2210
2026-08-14T22:27:10.089926+09:00,강남 MICE 관광특구,강남 MICE 관광특구,POI001,KEY_2,한산한,10,60000,70000,43.1,56.9,0.0,4.6,36.9,16.9,29.2,12.3,100.0,0.0,20260814 2210
2026-08-14T22:27:10.089926+09:00,동대문 관광특구,동대문 관광특구,POI002,KEY_3,보통,23,350000,400000,87.6,12.4,0.0,13.1,15.7,49.7,4.0,17.4,100.0,0.0,20260814 2210
2026-08-14T22:27:10.089926+09:00,명동 관광특구,명동 관광특구,POI003,KEY_4,보통,114,3500000,3600000,66.7,33.3,0.0,13.6,52.1,26.2,5.5,2.6,80.0,20.0,20260814 2210
2026-08-14T22:27:10.089926+09:00,이태원 관광특구,이태원 관광특구,POI004,KEY_1,분주한,82,2800000,2900000,66.4,33.6,0.0,25.3,46.3,20.3,8.1,0.0,97.8,2.2,20260814 2210
2026-08-14T22:27:10.089926+09:00,잠실 관광특구,잠실 관광특구,POI005,KEY_2,분주한,139,5100000,5200000,47.7,52.3,1.8,30.3,40.1,10.2,8.6,9.0,89.9,10.1,20260814 2210
2026-08-14T22:27:10.089926+09:00,종로·청계 관광특구,종로·청계 관광특구,POI006,KEY_3,보통,125,2700000,2800000,44.0,56.0,2.7,32.2,24.7,16.5,12.4,11.4,89.5,10.5,20260814 2210
2026-08-14T22:27:10.089926+09:00,홍대 관광특구,홍대 관광특구,POI007,KEY_4,바쁜,344,7100000,7200000,53.4,46.6,2.3,35.7,40.8,9.3,9.6,2.3,96.9,3.1,20260814 2210
2026-08-14T22:27:10.089926+09:00,가락시장,가락시장,POI058,KEY_2,한산한,8,250000,300000,26.3,73.7,0.0,1.2,71.8,15.3,11.0,0.8,100.0,0.0,20260814 2210
2026-08-14T22:27:10.089926+09:00,가로수길,가로수길,POI059,KEY_3,보통,53,2000000,2100000,47.4,52.6,0.0,19.7,59.7,2.7,5.4,12.4,85.2,14.8,20260814 2210
2026-08-14T22:27:10.089926+09:00,광장(전통)시장,광장(전통)시장,POI060,KEY_4,한산한,27,100000,150000,66.4,33.6,0.0,13.3,16.8,15.0,53.1,1.8,100.0,0.0,20260814 2210
2026-08-14T22:27:10.089926+09:00,김포공항,김포공항,POI061,KEY_1,한산한,4,10000,20000,63.2,36.8,0.0,10.5,10.5,73.7,5.3,0.0,100.0,0.0,20260814 2200
2026-08-14T22:27:10.089926+09:00,남대문시장,남대문시장,POI115,KEY_2,보통,5,900000,950000,100.0,0.0,0.0,0.0,88.3,11.7,0.0,0.0,75.6,24.4,20260814 2150
2026-08-14T22:27:10.089926+09:00,노량진,노량진,POI063,KEY_3,바쁜,66,1100000,1200000,74.0,26.0,6.1,38.5,42.0,9.5,2.0,1.9,88.3,11.7,20260814 2210
2026-08-14T22:27:10.089926+09:00,덕수궁길·정동길,덕수궁길·정동길,POI064,KEY_4,한산한,5,10000,20000,57.1,42.9,0.0,0.0,57.1,0.0,42.9,0.0,77.8,22.2,20260814 2210
2026-08-14T22:27:10.089926+09:00,북창동 먹자골목,북창동 먹자골목,POI114,KEY_1,바쁜,43,1300000,1400000,84.5,15.5,0.0,13.9,55.8,27.7,2.6,0.0,100.0,0.0,20260814 2210
2026-08-14T22:27:10.089926+09:00,북촌한옥마을,북촌한옥마을,POI066,KEY_2,한산한,4,200000,250000,0.0,100.0,0.0,8.1,91.9,0.0,0.0,0.0,100.0,0.0,20260814 2150
2026-08-14T22:27:10.089926+09:00,서촌,서촌,POI067,KEY_3,바쁜,16,1100000,1200000,67.6,32.4,0.0,22.4,22.2,54.5,0.4,0.5,100.0,0.0,20260814 2210
2026-08-14T22:27:10.089926+09:00,성수카페거리,성수카페거리,POI068,KEY_4,보통,33,850000,900000,32.9,67.1,0.1,54.4,31.4,0.7,11.9,1.5,95.7,4.3,20260814 2210
2026-08-14T22:27:10.089926+09:00,송리단길·호수단길,송리단길·호수단길,POI121,KEY_1,분주한,43,2400000,2500000,41.6,58.4,0.3,23.9,69.4,1.7,2.3,2.5,94.6,5.4,20260814 2210
2026-08-14T22:27:10.089926+09:00,신촌 스타광장,신촌 스타광장,POI122,KEY_2,한산한,10,90000,100000,43.8,56.2,0.0,67.4,6.7,0.0,25.8,0.0,100.0,0.0,20260814 2210
2026-08-14T22:27:10.089926+09:00,압구정로데오거리,압구정로데오거리,POI071,KEY_3,보통,48,3900000,4000000,75.1,24.9,0.0,10.8,52.4,6.8,26.3,3.7,57.2,42.8,20260814 2210
2026-08-14T22:27:10.089926+09:00,여의도,여의도,POI072,KEY_4,보통,84,4100000,4200000,58.7,41.3,0.0,23.5,27.1,19.9,19.9,9.6,42.9,57.1,20260814 2210
2026-08-14T22:27:10.089926+09:00,연남동,연남동,POI073,KEY_1,바쁜,53,1300000,1400000,71.6,28.4,2.4,32.7,29.2,31.3,3.4,0.9,100.0,0.0,20260814 2210
2026-08-14T22:27:10.089926+09:00,영등포 타임스퀘어,영등포 타임스퀘어,POI074,KEY_2,바쁜,127,3800000,3900000,54.9,45.1,0.2,26.6,47.9,13.7,11.0,0.6,92.5,7.5,20260814 2210
2026-08-14T22:27:10.089926+09:00,용리단길,용리단길,POI076,KEY_3,분주한,34,3800000,3900000,73.1,26.9,0.0,32.3,63.8,0.7,1.7,1.4,92.2,7.8,20260814 2210
2026-08-14T22:27:10.089926+09:00,이태원 앤틱가구거리,이태원 앤틱가구거리,POI077,KEY_4,분주한,26,1000000,1100000,65.0,35.0,0.0,25.6,44.4,17.8,12.3,0.0,100.0,0.0,20260814 2210
2026-08-14T22:27:10.089926+09:00,익선동,익선동,POI116,KEY_1,바쁜,57,1800000,1900000,74.5,25.5,0.0,21.3,29.9,13.6,24.2,10.9,96.4,3.6,20260814 2210
2026-08-14T22:27:10.089926+09:00,인사동,인사동,POI078,KEY_2,한산한,10,150000,200000,18.7,81.3,1.1,30.5,0.0,41.2,27.3,0.0,96.9,3.1,20260814 2210
2026-08-14T22:27:10.089926+09:00,잠실롯데타워·석촌호수,잠실롯데타워·석촌호수,POI120,KEY_3,분주한,127,5000000,5100000,47.9,52.1,1.9,30.5,39.8,9.9,8.8,9.2,90.0,10.0,20260814 2210
2026-08-14T22:27:10.089926+09:00,창동 신경제 중심지,창동 신경제 중심지,POI079,KEY_4,보통,99,2100000,2200000,69.6,30.4,2.8,19.9,36.6,24.4,13.4,2.9,98.4,1.6,20260814 2210
2026-08-14T22:27:10.089926+09:00,청담동 명품거리,청담동 명품거리,POI080,KEY_1,한산한,4,100000,150000,63.5,36.5,0.0,25.0,28.8,0.0,24.0,22.1,61.2,38.8,20260814 2210
2026-08-14T22:27:10.089926+09:00,청량리 제기동 일대 전통시장,청량리 제기동 일대 전통시장,POI081,KEY_2,한산한,4,150000,200000,72.7,27.3,0.0,45.4,0.0,16.4,0.0,38.3,100.0,0.0,20260814 2210
2026-08-14T22:27:10.089926+09:00,해방촌·경리단길,해방촌·경리단길,POI082,KEY_3,분주한,19,850000,900000,38.9,61.1,0.0,24.5,31.3,7.9,36.4,0.0,100.0,0.0,20260814 2210
2026-08-14T22:27:10.089926+09:00,DDP(동대문디자인플라자),DDP(동대문디자인플라자),POI083,KEY_4,한산한,5,30000,40000,28.1,71.9,0.0,46.9,3.1,25.0,25.0,0.0,100.0,0.0,20260814 2000
2026-08-14T22:27:10.089926+09:00,DMC(디지털미디어시티),DMC(디지털미디어시티),POI084,KEY_1,보통,27,400000,450000,66.9,33.1,0.0,2.1,25.3,43.5,26.6,2.6,91.8,8.2,20260814 2210
2026-08-14T22:27:10.089926+09:00,가산디지털단지역,가산디지털단지역,POI013,KEY_2,한산한,21,250000,300000,82.5,17.5,0.0,84.2,2.2,6.6,2.2,4.9,70.0,30.0,20260814 2210
2026-08-14T22:27:10.089926+09:00,강남역,강남역,POI014,KEY_3,보통,280,7000000,7100000,56.0,44.0,1.0,39.2,38.9,10.5,7.6,2.9,97.3,2.7,20260814 2210
2026-08-14T22:27:10.089926+09:00,건대입구역,건대입구역,POI015,KEY_4,보통,140,3400000,3500000,49.1,50.9,5.0,42.5,27.1,14.2,7.0,4.3,92.8,7.2,20260814 2210
2026-08-14T22:27:10.089926+09:00,고덕역,고덕역,POI016,KEY_1,한산한,12,100000,150000,41.8,58.2,0.0,0.0,25.4,8.2,25.4,41.0,100.0,0.0,20260814 2210
2026-08-14T22:27:10.089926+09:00,고속터미널역,고속터미널역,POI017,KEY_2,보통,42,700000,750000,47.1,52.9,0.5,28.6,29.4,12.4,24.5,4.6,53.3,46.7,20260814 2210
2026-08-14T22:27:10.089926+09:00,교대역,교대역,POI018,KEY_3,바쁜,41,2600000,2700000,77.1,22.9,0.0,13.0,15.8,48.6,8.1,14.5,90.7,9.3,20260814 2210
2026-08-14T22:27:10.089926+09:00,구로디지털단지역,구로디지털단지역,POI019,KEY_4,바쁜,58,1600000,1700000,68.4,31.6,0.0,7.7,39.2,24.5,22.6,6.0,88.9,11.1,20260814 2210
2026-08-14T22:27:10.089926+09:00,구로역,구로역,POI020,KEY_1,한산한,15,200000,250000,0.0,100.0,0.0,0.0,0.0,0.0,0.0,100.0,12.1,87.9,20260814 2130
2026-08-14T22:27:10.089926+09:00,군자역,군자역,POI021,KEY_2,바쁜,19,750000,800000,50.4,49.6,0.0,20.1,73.3,1.1,5.6,0.0,100.0,0.0,20260814 2210
2026-08-14T22:27:10.089926+09:00,대림역,대림역,POI023,KEY_3,바쁜,12,500000,550000,96.6,3.4,0.0,12.8,16.8,2.1,66.0,2.3,100.0,0.0,20260814 2210
2026-08-14T22:27:10.089926+09:00,동대문역,동대문역,POI024,KEY_4,한산한,5,100000,150000,50.8,49.2,0.0,0.0,49.2,6.3,38.1,6.3,100.0,0.0,20260814 2200
2026-08-14T22:27:10.089926+09:00,뚝섬역,뚝섬역,POI025,KEY_1,한산한,7,40000,50000,53.5,46.5,0.0,14.0,60.5,0.0,20.9,4.7,100.0,0.0,20260814 2210
2026-08-14T22:27:10.089926+09:00,미아사거리역,미아사거리역,POI026,KEY_2,한산한,21,500000,550000,23.4,76.6,7.7,18.9,35.5,27.0,10.8,0.0,100.0,0.0,20260814 2210
2026-08-14T22:27:10.089926+09:00,발산역,발산역,POI027,KEY_3,보통,68,2800000,2900000,70.7,29.3,0.0,17.2,42.3,29.8,7.4,3.3,87.0,13.0,20260814 2210
2026-08-14T22:27:10.089926+09:00,사당역,사당역,POI029,KEY_4,분주한,85,4400000,4500000,54.2,45.8,0.0,28.4,58.6,3.0,5.4,4.6,91.8,8.2,20260814 2210
2026-08-14T22:27:10.089926+09:00,서울대입구역,서울대입구역,POI031,KEY_2,보통,55,1300000,1400000,47.7,52.3,0.5,18.6,39.5,13.6,21.7,6.0,96.5,3.5,20260814 2210
2026-08-14T22:27:10.089926+09:00,서울식물원·마곡나루역,서울식물원·마곡나루역,POI032,KEY_3,보통,22,750000,800000,57.6,42.4,0.5,7.0,31.0,22.5,13.7,25.3,100.0,0.0,20260814 2210
2026-08-14T22:27:10.089926+09:00,서울역,서울역,POI033,KEY_4,한산한,8,200000,250000,98.0,2.0,0.0,0.0,3.4,6.4,77.5,12.7,97.6,2.4,20260814 2210
2026-08-14T22:27:10.089926+09:00,선릉역,선릉역,POI034,KEY_1,보통,54,1300000,1400000,81.3,18.8,0.2,20.2,12.8,19.8,37.7,9.4,85.3,14.7,20260814 2210
2026-08-14T22:27:10.089926+09:00,성신여대입구역,성신여대입구역,POI035,KEY_2,보통,55,850000,900000,60.3,39.7,1.2,28.9,45.6,9.9,7.3,7.2,100.0,0.0,20260814 2210
2026-08-14T22:27:10.089926+09:00,수유역,수유역,POI036,KEY_3,바쁜,62,1600000,1700000,63.1,36.9,1.8,27.4,17.4,29.0,13.2,11.2,100.0,0.0,20260814 2210
2026-08-14T22:27:10.089926+09:00,신논현역·논현역,신논현역·논현역,POI037,KEY_2,보통,43,1700000,1800000,69.7,30.3,0.0,17.7,58.8,21.2,2.3,0.0,94.3,5.7,20260814 2210
2026-08-14T22:27:10.089926+09:00,신도림역,신도림역,POI038,KEY_3,바쁜,6,150000,200000,55.6,44.4,0.0,42.7,0.0,37.1,20.2,0.0,69.3,30.7,20260814 2210
2026-08-14T22:27:10.089926+09:00,신림역,신림역,POI039,KEY_4,보통,103,1400000,1500000,55.5,44.5,2.5,29.3,46.3,16.2,4.5,1.2,100.0,0.0,20260814 2210
2026-08-14T22:27:10.089926+09:00,신정네거리역,신정네거리역,POI117,KEY_1,한산한,6,30000,40000,64.1,35.9,0.0,15.4,59.0,20.5,5.1,0.0,100.0,0.0,20260814 2210
2026-08-14T22:27:10.089926+09:00,신촌·이대역,신촌·이대역,POI040,KEY_2,보통,77,1800000,1900000,71.1,28.9,3.4,26.9,27.5,25.4,16.5,0.3,100.0,0.0,20260814 2210
2026-08-14T22:27:10.089926+09:00,쌍문역,쌍문역,POI070,KEY_3,보통,29,500000,550000,68.4,31.6,2.3,15.8,24.2,17.0,36.3,4.5,100.0,0.0,20260814 2210
2026-08-14T22:27:10.089926+09:00,양재역,양재역,POI041,KEY_4,보통,23,950000,1000000,79.2,20.8,0.0,51.0,20.6,10.7,15.9,1.8,73.9,26.1,20260814 2210
2026-08-14T22:27:10.089926+09:00,역삼역,역삼역,POI042,KEY_1,보통,24,950000,1000000,92.0,8.0,0.0,0.9,78.6,12.2,6.9,1.4,65.8,34.2,20260814 2210
2026-08-14T22:27:10.089926+09:00,연신내역,연신내역,POI043,KEY_2,바쁜,88,1700000,1800000,65.7,34.3,2.5,30.1,21.9,10.7,26.9,7.9,99.9,0.1,20260814 2210
2026-08-14T22:27:10.089926+09:00,오목교역·목동운동장,오목교역·목동운동장,POI044,KEY_3,보통,74,1300000,1400000,60.8,39.2,0.8,13.5,15.7,35.1,26.4,8.4,98.2,1.8,20260814 2210
2026-08-14T22:27:10.089926+09:00,왕십리역,왕십리역,POI045,KEY_4,바쁜,61,1700000,1800000,61.1,38.9,0.0,31.1,21.2,25.3,15.9,6.4,89.3,10.7,20260814 2210
2026-08-14T22:27:10.089926+09:00,용산역,용산역,POI046,KEY_1,보통,48,650000,700000,20.9,79.1,0.7,18.2,23.3,16.4,17.8,23.6,100.0,0.0,20260814 2210
2026-08-14T22:27:10.089926+09:00,이태원역,이태원역,POI047,KEY_2,분주한,69,2300000,2400000,63.9,36.1,0.0,27.0,44.8,20.3,7.8,0.0,97.4,2.6,20260814 2210
2026-08-14T22:27:10.089926+09:00,잠실새내역,잠실새내역,POI118,KEY_3,보통,59,2100000,2200000,79.7,20.3,1.8,19.4,39.7,17.1,21.6,0.5,87.9,12.1,20260814 2210
2026-08-14T22:27:10.089926+09:00,잠실역,잠실역,POI119,KEY_4,보통,27,500000,550000,69.8,30.2,0.0,3.2,35.5,18.5,15.5,27.2,90.5,9.5,20260814 2210
2026-08-14T22:27:10.089926+09:00,장지역,장지역,POI048,KEY_1,보통,18,700000,750000,81.7,18.3,0.0,9.0,70.2,0.3,11.3,9.3,100.0,0.0,20260814 2210
2026-08-14T22:27:10.089926+09:00,장한평역,장한평역,POI049,KEY_2,바쁜,20,300000,350000,81.3,18.7,5.4,13.0,45.5,9.7,7.7,18.7,92.9,7.1,20260814 2210
2026-08-14T22:27:10.089926+09:00,천호역,천호역,POI050,KEY_3,보통,50,800000,850000,63.7,36.3,0.0,28.7,28.4,20.7,16.9,5.4,100.0,0.0,20260814 2210
2026-08-14T22:27:10.089926+09:00,총신대입구(이수)역,총신대입구(이수)역,POI051,KEY_4,보통,34,650000,700000,70.5,29.5,0.0,4.8,35.7,11.2,46.0,2.2,98.2,1.8,20260814 2210
2026-08-14T22:27:10.089926+09:00,충정로역,충정로역,POI052,KEY_1,한산한,4,20000,30000,91.3,8.7,0.0,8.7,0.0,34.8,56.5,0.0,100.0,0.0,20260814 2210
2026-08-14T22:27:10.089926+09:00,합정역,합정역,POI053,KEY_2,바쁜,12,1500000,1600000,85.4,14.6,0.0,6.2,89.6,1.9,2.2,0.0,100.0,0.0,20260814 2210
2026-08-14T22:27:10.089926+09:00,혜화역,혜화역,POI054,KEY_3,바쁜,56,2100000,2200000,38.1,61.9,3.1,40.7,19.3,2.8,16.7,17.4,50.5,49.5,20260814 2210
2026-08-14T22:27:10.089926+09:00,홍대입구역(2호선),홍대입구역(2호선),POI055,KEY_4,바쁜,77,1900000,2000000,42.7,57.3,1.8,37.6,42.5,6.4,4.7,7.0,94.0,6.0,20260814 2210
2026-08-14T22:27:10.089926+09:00,회기역,회기역,POI056,KEY_1,한산한,20,200000,250000,74.3,25.7,1.0,45.6,4.4,18.0,26.2,4.9,100.0,0.0,20260814 2210
